420.19064491 13.68993353
420.62461995 13.58188266
421.05858210 13.46765476
421.49253135 13.37031514
421.92646768 13.28535687
422.36039106 13.18770560
422.79430148 13.10113245
423.22819892 13.02561610
423.66208336 12.96022938
424.09595478 12.90249282
424.52981316 12.83228195
424.96365849 12.77344893
425.39749074 12.72283504
425.83130989 12.66863582
426.26511593 12.61990964
426.69890883 12.56753309
427.13268858 12.51921939
427.56645516 12.47090365
428.00020855 12.41733263
428.43394873 12.35582087
428.86767568 12.29312037
429.30138939 12.22603763
429.73508982 12.17475137
430.16877697 12.10409249
430.60245081 12.04936429
431.03611133 11.99301576
431.46975851 11.94982740
431.90339232 11.90149226
432.33701276 11.85676336
432.77061979 11.80617954
433.20421340 11.77701703
433.63779357 11.73981351
434.07136029 11.70521265
434.50491352 11.66927957
434.93845327 11.63614384
435.37197949 11.60156501
435.80549219 11.58147597
436.23899132 11.55696712
436.67247689 11.53006159
437.10594887 11.50054833
437.53940723 11.47286902
437.97285197 11.44657169
438.40628306 11.41855083
438.83970048 11.37939912
439.27310421 11.35045547
439.70649424 11.32033499
440.13987054 11.28748460
440.57323310 11.25153857
441.00658189 11.21422177
441.43991690 11.18575238
441.87323811 11.16237580
442.30654551 11.14790308
442.73983906 11.12974005
443.17311875 11.11285441
443.60638457 11.09948166
444.03963649 11.08398537
444.47287449 11.06362286
444.90609856 11.04915512
445.33930868 11.04001726
445.77250482 11.01948276
446.20568697 11.00098841
446.63885511 10.97620173
447.07200922 10.94889325
447.50514928 10.92051663
447.93827527 10.90067205
448.37138718 10.87308648
448.80448497 10.85493924
449.23756865 10.83278221
449.67063818 10.80491895
450.10369354 10.77704843
450.53673472 10.75206849
450.96976170 10.72454886
451.40277446 10.69832793
451.83577298 10.68469353
452.26875725 10.67201294
452.70172723 10.66129420
453.13468291 10.64874629
453.56762428 10.64293521
454.00055132 10.63989299
454.43346400 10.63550367
454.86636230 10.62760375
455.29924622 10.62505568
455.73211572 10.61848743
456.16497079 10.61991541
456.59781142 10.61175699
457.03063757 10.60712285
457.46344923 10.59552434
457.89624639 10.58985551
458.32902903 10.57373202
458.76179711 10.55832024
459.19455064 10.54869677
459.62728958 10.53426136
460.06001392 10.51935616
460.49272363 10.50798969
460.92541871 10.50100565
461.35809913 10.49055514
461.79076486 10.48729948
462.22341591 10.47339742
462.65605223 10.45894184
463.08867382 10.45275443
463.52128065 10.44488207
463.95387271 10.43652864
464.38644998 10.43430755
464.81901243 10.43428415
465.25156005 10.42617691
465.68409283 10.42163671
466.11661073 10.41717856
466.54911374 10.41402669
466.98160185 10.40791083
467.41407503 10.39972388
467.84653327 10.38908067
468.27897654 10.38001494
468.71140483 10.36687783
469.14381811 10.35441933
469.57621637 10.34182391
470.00859960 10.34164705
470.44096776 10.33854373
470.87332084 10.34002828
471.30565882 10.33738778
471.73798169 10.34281158
472.17028942 10.34956165
472.60258200 10.35522308
473.03485940 10.36420307
473.46712160 10.37983554
473.89936860 10.39504371
474.33160036 10.40806305
474.76381687 10.41868104
475.19601811 10.43444569
475.62820407 10.45112360
476.06037471 10.46704096
476.49253003 10.48030372
476.92467000 10.49251915
477.35679461 10.50331257
477.78890383 10.51070732
478.22099765 10.51511673
478.65307605 10.52271929
479.08513900 10.52766451
479.51718650 10.52905481
479.94921851 10.52648705
480.38123503 10.52611012
480.81323602 10.52544954
481.24522149 10.52551652
481.67719139 10.52408444
482.10914572 10.53033454
482.54108446 10.53484383
482.97300758 10.53931850
483.40491507 10.54087531
483.83680691 10.54133196
484.26868308 10.54635954
484.70054356 10.55269697
485.13238833 10.55770680
485.56421738 10.56292746
485.99603067 10.57145416
486.42782820 10.58150722
486.85960995 10.58930735
487.29137589 10.59885202
487.72312601 10.60994054
488.15486029 10.62617772
488.58657870 10.63553183
489.01828124 10.64986030
489.44996788 10.66413966
489.88163860 10.67829377
490.31329338 10.69640401
490.74493220 10.71207438
491.17655505 10.72427169
491.60816190 10.73931457
492.03975274 10.75371286
492.47132755 10.76724449
492.90288631 10.78502029
493.33442899 10.80012875
493.76595559 10.81603380
494.19746607 10.83111300
494.62896043 10.84728093
495.06043864 10.86836199
495.49190069 10.88574802
495.92334655 10.90061032
496.35477620 10.91717986
496.78618963 10.93367568
497.21758682 10.95231755
497.64896774 10.96857617
498.08033239 10.99061730
498.51168074 11.00600850
498.94301276 11.02121426
499.37432845 11.03688127
499.80562778 11.04803935
500.23691074 11.06025465
500.66817730 11.07135848
501.09942745 11.07937708
501.53066116 11.08979685
501.96187842 11.09771114
502.39307921 11.10702813
502.82426351 11.11741699
503.25543130 11.12752274
503.68658256 11.13741067
504.11771727 11.14912599
504.54883542 11.16041473
504.97993698 11.17393727
505.41102193 11.18642867
505.84209026 11.20103742
506.27314195 11.21160690
506.70417698 11.23099496
507.13519532 11.24782311
507.56619696 11.26603505
507.99718189 11.28760266
508.42815007 11.30730230
508.85910150 11.32799169
509.29003615 11.35019032
509.72095401 11.37094888
510.15185505 11.39149875
510.58273926 11.41031843
511.01360661 11.43027830
511.44445709 11.44528850
511.87529069 11.46993654
512.30610737 11.49552743
512.73690712 11.51781244
513.16768992 11.54544713
513.59845576 11.56971329
514.02920461 11.59722247
514.45993645 11.62618189
514.89065127 11.64881399
515.32134905 11.67118644
515.75202976 11.69229126
516.18269339 11.71162531
516.61333992 11.73126593
517.04396933 11.75099930
517.47458160 11.76908212
517.90517671 11.78989361
518.33575465 11.81046345
518.76631539 11.83054084
519.19685891 11.85323523
519.62738520 11.87351226
520.05789424 11.89527687
520.48838600 11.91691922
520.91886048 11.93887146
521.34931764 11.95810592
521.77975747 11.97878336
522.21017995 11.99736579
522.64058507 12.02018922
523.07097279 12.04485447
523.50134312 12.07182477
523.93169601 12.10341035
524.36203147 12.13194024
524.79234945 12.16131200
525.22264996 12.18610867
525.65293297 12.21276756
526.08319845 12.24082064
526.51344640 12.26652032
526.94367678 12.29392293
527.37388959 12.32059039
527.80408480 12.34900335
528.23426240 12.37892317
528.66442236 12.41389858
529.09456467 12.45079969
529.52468930 12.48725836
529.95479624 12.52336556
530.38488547 12.55705313
530.81495697 12.59734325
531.24501072 12.63407813
531.67504671 12.67073706
532.10506490 12.70580843
532.53506529 12.73988306
532.96504785 12.77601961
533.39501257 12.80710650
533.82495942 12.84107566
534.25488839 12.87251963
534.68479946 12.90613990
535.11469261 12.93880367
535.54456782 12.97257899
535.97442507 13.00060550
536.40426434 13.02931839
536.83408561 13.05326735
537.26388887 13.07356563
537.69367409 13.09472519
538.12344125 13.11889213
538.55319035 13.14317438
538.98292135 13.16945869
539.41263423 13.19628598
539.84232899 13.22352404
540.27200560 13.25278276
540.70166404 13.28355209
541.13130429 13.31478668
541.56092633 13.34399103
541.99053015 13.37456280
542.42011572 13.40377650
542.84968303 13.43378360
543.27923205 13.46402117
543.70876277 13.49776655
544.13827517 13.52665814
544.56776923 13.56148451
544.99724493 13.59312883
545.42670225 13.63092165
545.85614117 13.66901441
546.28556168 13.70719609
546.71496375 13.74488531
547.14434736 13.78380601
547.57371250 13.82664274
548.00305915 13.86792026
548.43238728 13.91039685
548.86169688 13.95318029
549.29098794 14.00019344
549.72026042 14.04422845
550.14951431 14.09320211
550.57874960 14.14221435
551.00796626 14.19136456
551.43716427 14.23946226
551.86634362 14.28878002
552.29550429 14.33473218
552.72464625 14.38052303
553.15376949 14.42827869
553.58287399 14.46991438
554.01195973 14.51208002
554.44102669 14.55385255
554.87007485 14.59792991
555.29910419 14.63854798
555.72811470 14.68218112
556.15710635 14.72600357
556.58607912 14.77048071
557.01503300 14.81268991
557.44396797 14.85802939
557.87288401 14.90441160
558.30178110 14.95376108
558.73065921 14.99537758
559.15951834 15.03848598
559.58835846 15.08062671
560.01717955 15.12442645
560.44598160 15.16662742
560.87476458 15.20912010
561.30352847 15.25172520
561.73227326 15.29614669
562.16099893 15.33964117
562.58970546 15.37990303
563.01839282 15.42517409
563.44706101 15.46499965
563.87571000 15.51015909
564.30433977 15.55928487
564.73295030 15.60271839
565.16154157 15.64755196
565.59011358 15.69380332
566.01866628 15.74085989
566.44719967 15.78846730
566.87571373 15.83949661
567.30420844 15.88871137
567.73268378 15.93982367
568.16113973 15.99422012
568.58957627 16.04919220
569.01799338 16.10101024
569.44639105 16.15426591
569.87476924 16.21217375
570.30312796 16.26902788
570.73146717 16.32712836
571.15978685 16.38443023
571.58808700 16.44183974
572.01636758 16.50482372
572.44462858 16.56715919
572.87286998 16.63379179
573.30109177 16.70258404
573.72929391 16.77077222
574.15747640 16.83661334
574.58563922 16.90732863
575.01378234 16.97369641
575.44190574 17.04105089
575.87000941 17.11234146
576.29809333 17.18342190
576.72615748 17.25833219
577.15420184 17.33122877
577.58222639 17.40232966
578.01023111 17.47904623
578.43821598 17.55205213
578.86618099 17.62536549
579.29412611 17.69761709
579.72205133 17.76893071
580.14995662 17.84542165
580.57784197 17.91933946
581.00570736 17.99256883
581.43355276 18.06060147
581.86137817 18.13352718
582.28918356 18.20649661
582.71696890 18.27877001
583.14473420 18.34719312
583.57247941 18.41749672
584.00020453 18.48662281
584.42790954 18.54953757
584.85559441 18.61186625
585.28325913 18.67396802
585.71090368 18.73528414
586.13852803 18.79626432
586.56613218 18.85680662
586.99371610 18.91506484
587.42127977 18.97777198
587.84882317 19.03680311
588.27634629 19.09661960
588.70384910 19.15361871
589.13133159 19.21159433
589.55879373 19.26674075
589.98623551 19.32017376
590.41365691 19.37303104
590.84105791 19.42742286
591.26843849 19.48036735
591.69579863 19.53534472
592.12313831 19.58943433
592.55045752 19.64226815
592.97775623 19.69841290
593.40503442 19.75117625
593.83229208 19.80584318
594.25952919 19.86101746
594.68674573 19.91822158
595.11394167 19.97442769
595.54111700 20.03140563
595.96827171 20.08933483
596.39540576 20.14450620
596.82251915 20.20093672
597.24961185 20.25819205
597.67668385 20.32018243
598.10373512 20.38261730
598.53076564 20.44220990
598.95777541 20.50348753
599.38476439 20.56211044
599.81173257 20.61951948
600.23867993 20.67868646
600.66560645 20.73742537
601.09251211 20.79344727
601.51939690 20.85091430
601.94626078 20.91387673
602.37310376 20.97254927
602.79992580 21.03083330
603.22672688 21.09044788
603.65350699 21.15140778
604.08026611 21.21206226
604.50700422 21.27239400
604.93372130 21.32974470
605.36041733 21.38899331
605.78709229 21.44898139
606.21374616 21.50457366
606.64037893 21.55704450
607.06699057 21.61244740
607.49358107 21.66412631
607.92015040 21.71778467
608.34669856 21.76579822
608.77322551 21.81353086
609.19973124 21.86470764
609.62621572 21.91498785
610.05267896 21.96172465
610.47912091 22.00864454
610.90554156 22.05095482
611.33194090 22.09473866
611.75831891 22.13684166
612.18467556 22.18258596
612.61101083 22.22591181
613.03732472 22.27035895
613.46361719 22.31321957
613.88988823 22.35452545
614.31613782 22.40133565
614.74236595 22.44798846
615.16857258 22.49167135
615.59475771 22.53792430
616.02092131 22.58143978
616.44706337 22.62652447
616.87318386 22.67199700
617.29928278 22.71429459
617.72536008 22.75649302
618.15141577 22.80035948
618.57744982 22.84545298
619.00346220 22.88829004
619.42945291 22.93081236
619.85542192 22.97450903
620.28136922 23.01447722
620.70729478 23.05460586
621.13319858 23.09333519
621.55908061 23.13272020
621.98494085 23.17475884
622.41077927 23.21295010
622.83659587 23.25246079
623.26239061 23.29604893
623.68816348 23.33639695
624.11391447 23.38354659
624.53964355 23.42853529
624.96535070 23.47480568
625.39103591 23.51307057
625.81669915 23.55721644
626.24234041 23.60309814
626.66795966 23.65110028
627.09355689 23.69564576
627.51913209 23.73669665
627.94468522 23.77895757
628.37021627 23.82225824
628.79572523 23.86438462
629.22121207 23.90933890
629.64667677 23.95085422
630.07211931 23.99512394
630.49753969 24.03950695
630.92293786 24.08348540
631.34831383 24.13088987
631.77366756 24.17685663
632.19899905 24.22602118
632.62430826 24.27458163
633.04959519 24.32674278
633.47485980 24.37945665
633.90010209 24.43173360
634.32532203 24.48518789
634.75051961 24.54009679
635.17569481 24.59327581
635.60084760 24.64518043
636.02597797 24.70068855
636.45108589 24.75429355
636.87617136 24.80726236
637.30123435 24.85471227
637.72627483 24.90616854
638.15129281 24.96085138
638.57628824 25.01798666
639.00126112 25.06847900
639.42621142 25.11927844
639.85113913 25.17219582
640.27604422 25.22409833
640.70092669 25.27852681
641.12578650 25.33105517
641.55062364 25.38340812
641.97543809 25.43904083
642.40022983 25.49351930
642.82499885 25.55065247
643.24974512 25.60283759
643.67446862 25.65611398
644.09916934 25.70954579
644.52384726 25.76259483
644.94850235 25.81510726
645.37313460 25.86779578
645.79774399 25.92162851
646.22233050 25.97295635
646.64689411 26.02233458
647.07143480 26.07564265
647.49595255 26.12623864
647.92044735 26.17796879
648.34491917 26.22841071
648.76936800 26.27796162
649.19379381 26.32495258
649.61819659 26.37465540
650.04257632 26.42717918
650.46693298 26.48426441
650.89126655 26.53844116
651.31557701 26.59055230
651.73986434 26.64265104
652.16412852 26.70029594
652.58836954 26.75748538
653.01258737 26.81006089
653.43678200 26.86522655
653.86095340 26.92358276
654.28510156 26.98329062
654.70922646 27.04547611
655.13332808 27.10457527
655.55740640 27.16364948
655.98146140 27.22459140
656.40549307 27.28543804
656.82950137 27.34225285
657.25348630 27.40094323
657.67744784 27.46143742
658.10138596 27.51888778
658.52530064 27.57714063
658.94919188 27.63594970
659.37305964 27.70084605
659.79690391 27.76572426
660.22072468 27.82818700
660.64452191 27.89303941
661.06829560 27.95514046
661.49204572 28.01989396
661.91577225 28.08548795
662.33947518 28.15513428
662.76315449 28.22209245
663.18681015 28.29174705
663.61044215 28.36166472
664.03405047 28.43242690
664.45763509 28.50395805
664.88119598 28.57477065
665.30473314 28.64388102
665.72824655 28.70706536
666.15173617 28.77548668
666.57520200 28.84414865
666.99864402 28.90563887
667.42206220 28.97093895
667.84545653 29.02903662
668.26882699 29.08772118
668.69217355 29.14674478
669.11549621 29.20768235
669.53879494 29.27349639
669.96206971 29.34783239
670.38532052 29.41806038
670.80854735 29.48514865
671.23175017 29.55439635
671.65492896 29.62298143
672.07808371 29.69036889
672.50121440 29.75093599
672.92432101 29.81821929
673.34740351 29.88592584
673.77046190 29.95279325
674.19349615 30.02292427
674.61650623 30.08919527
675.03949215 30.15478154
675.46245386 30.21740947
675.88539136 30.27957996
676.30830463 30.34382987
676.73119364 30.40076654
677.15405838 30.45772748
677.57689882 30.51712595
677.99971496 30.57802223
678.42250677 30.64354050
678.84527423 30.71117108
679.26801732 30.77807818
679.69073602 30.84890707
680.11343032 30.92011263
680.53610019 30.98596215
680.95874562 31.05927876
681.38136658 31.13287989
681.80396307 31.20902004
682.22653505 31.28497518
682.64908251 31.35659962
683.07160543 31.42729725
683.49410379 31.50246598
683.91657758 31.57482824
684.33902677 31.65144391
684.76145134 31.72315063
685.18385128 31.79772960
685.60622656 31.87227960
686.02857717 31.94547193
686.45090309 32.02206432
686.87320430 32.10110909
687.29548077 32.17647673
687.71773250 32.25135124
688.13995946 32.33366697
688.56216163 32.41500350
688.98433899 32.50630448
689.40649153 32.58401248
689.82861923 32.67426197
690.25072206 32.76235971
690.67280001 32.84789558
691.09485305 32.93481592
691.51688118 33.01825714
691.93888436 33.09998251
692.36086259 33.18320106
692.78281583 33.26302352
693.20474408 33.34552263
693.62664732 33.43529025
694.04852552 33.51797383
694.47037866 33.60566677
694.89220673 33.68852165
695.31400971 33.76558194
695.73578757 33.84061838
696.15754031 33.91836135
696.57926789 33.99661806
697.00097031 34.07463082
697.42264753 34.14485479
697.84429955 34.21999321
698.26592635 34.29531611
698.68752790 34.37373132
699.10910418 34.45403750
699.53065518 34.52743598
699.95218088 34.60245731
