420.19064491 16.34542057
420.62461995 16.31927421
421.05858210 16.28241927
421.49253135 16.23970609
421.92646768 16.21741240
422.36039106 16.16715265
422.79430148 16.13909078
423.22819892 16.09534209
423.66208336 16.06900374
424.09595478 16.03954125
424.52981316 16.02413644
424.96365849 16.01013112
425.39749074 15.97103114
425.83130989 15.94039326
426.26511593 15.91102793
426.69890883 15.88975336
427.13268858 15.84481427
427.56645516 15.81255783
428.00020855 15.77099011
428.43394873 15.71447569
428.86767568 15.63604486
429.30138939 15.58543741
429.73508982 15.52037173
430.16877697 15.46288924
430.60245081 15.40700309
431.03611133 15.36674298
431.46975851 15.32514075
431.90339232 15.29778507
432.33701276 15.27015573
432.77061979 15.23408577
433.20421340 15.21598362
433.63779357 15.20231775
434.07136029 15.17442100
434.50491352 15.15822113
434.93845327 15.14090986
435.37197949 15.11781002
435.80549219 15.10829811
436.23899132 15.09293432
436.67247689 15.09092643
437.10594887 15.07057608
437.53940723 15.05818363
437.97285197 15.02457758
438.40628306 14.99769283
438.83970048 14.96994873
439.27310421 14.94216896
439.70649424 14.92127609
440.13987054 14.89538740
440.57323310 14.87928781
441.00658189 14.86370356
441.43991690 14.85163929
441.87323811 14.84692227
442.30654551 14.85758407
442.73983906 14.86363255
443.17311875 14.86097873
443.60638457 14.86419135
444.03963649 14.86907704
444.47287449 14.85959356
444.90609856 14.84942240
445.33930868 14.82868135
445.77250482 14.81409682
446.20568697 14.80714221
446.63885511 14.78588936
447.07200922 14.75761811
447.50514928 14.73989347
447.93827527 14.71554381
448.37138718 14.68510244
448.80448497 14.66407853
449.23756865 14.63555367
449.67063818 14.61149758
450.10369354 14.57975075
450.53673472 14.55638697
450.96976170 14.53558249
451.40277446 14.52620420
451.83577298 14.52336324
452.26875725 14.51884047
452.70172723 14.51669845
453.13468291 14.51513336
453.56762428 14.50884216
454.00055132 14.51176853
454.43346400 14.50985397
454.86636230 14.51070906
455.29924622 14.50545910
455.73211572 14.50048221
456.16497079 14.49354972
456.59781142 14.49532895
457.03063757 14.48741684
457.46344923 14.47750733
457.89624639 14.47174318
458.32902903 14.47079721
458.76179711 14.46711723
459.19455064 14.45630703
459.62728958 14.44582160
460.06001392 14.44137442
460.49272363 14.44027252
460.92541871 14.43520456
461.35809913 14.43655834
461.79076486 14.43616690
462.22341591 14.43044011
462.65605223 14.42930668
463.08867382 14.42869932
463.52128065 14.42814126
463.95387271 14.42708526
464.38644998 14.42717627
464.81901243 14.42109797
465.25156005 14.40690679
465.68409283 14.40289775
466.11661073 14.39767063
466.54911374 14.38955530
466.98160185 14.38217793
467.41407503 14.37474842
467.84653327 14.37029410
468.27897654 14.36687637
468.71140483 14.36529508
469.14381811 14.36066959
469.57621637 14.35843534
470.00859960 14.35449128
470.44096776 14.35527878
470.87332084 14.35829055
471.30565882 14.35676241
471.73798169 14.36228427
472.17028942 14.36888315
472.60258200 14.38108870
473.03485940 14.38937156
473.46712160 14.39624835
473.89936860 14.40905830
474.33160036 14.42286872
474.76381687 14.43617709
475.19601811 14.45660961
475.62820407 14.47593423
476.06037471 14.49606777
476.49253003 14.51060854
476.92467000 14.53131716
477.35679461 14.53994712
477.78890383 14.54930243
478.22099765 14.55050096
478.65307605 14.56217381
479.08513900 14.56918264
479.51718650 14.57427150
479.94921851 14.57096241
480.38123503 14.57236300
480.81323602 14.57123422
481.24522149 14.56918376
481.67719139 14.56740245
482.10914572 14.56833169
482.54108446 14.56616524
482.97300758 14.56729902
483.40491507 14.56976448
483.83680691 14.57296094
484.26868308 14.57669607
484.70054356 14.58284817
485.13238833 14.58279857
485.56421738 14.58621252
485.99603067 14.58972423
486.42782820 14.59865617
486.85960995 14.60933712
487.29137589 14.61457944
487.72312601 14.62014958
488.15486029 14.62809138
488.58657870 14.63430512
489.01828124 14.64074462
489.44996788 14.64571562
489.88163860 14.65535108
490.31329338 14.65918384
490.74493220 14.67122046
491.17655505 14.68415320
491.60816190 14.70267706
492.03975274 14.70957266
492.47132755 14.71845467
492.90288631 14.72795253
493.33442899 14.74250643
493.76595559 14.75599506
494.19746607 14.76857609
494.62896043 14.78175731
495.06043864 14.79555414
495.49190069 14.81300398
495.92334655 14.83354745
496.35477620 14.85008532
496.78618963 14.86651663
497.21758682 14.87950661
497.64896774 14.89184548
498.08033239 14.90680991
498.51168074 14.92079068
498.94301276 14.93111201
499.37432845 14.94436214
499.80562778 14.95321055
500.23691074 14.96139650
500.66817730 14.97077365
501.09942745 14.97928906
501.53066116 14.98288358
501.96187842 14.98483403
502.39307921 14.98642817
502.82426351 14.99019391
503.25543130 14.98878140
503.68658256 14.98958597
504.11771727 14.99643072
504.54883542 14.99474732
504.97993698 15.00195204
505.41102193 15.00726432
505.84209026 15.01183131
506.27314195 15.02273098
506.70417698 15.02952454
507.13519532 15.03786078
507.56619696 15.04564812
507.99718189 15.05965786
508.42815007 15.07110387
508.85910150 15.07903764
509.29003615 15.08460179
509.72095401 15.09509207
510.15185505 15.10250189
510.58273926 15.11323279
511.01360661 15.12522119
511.44445709 15.13682023
511.87529069 15.14646747
512.30610737 15.15739862
512.73690712 15.16844638
513.16768992 15.17821554
513.59845576 15.18786549
514.02920461 15.19748229
514.45993645 15.20625122
514.89065127 15.22045534
515.32134905 15.23341536
515.75202976 15.24305113
516.18269339 15.24944143
516.61333992 15.25970594
517.04396933 15.27028014
517.47458160 15.27482705
517.90517671 15.28209492
518.33575465 15.28419661
518.76631539 15.29024922
519.19685891 15.29589314
519.62738520 15.29443974
520.05789424 15.29906774
520.48838600 15.30234420
520.91886048 15.30526534
521.34931764 15.30611776
521.77975747 15.30528084
522.21017995 15.30398686
522.64058507 15.30323078
523.07097279 15.29985614
523.50134312 15.30203111
523.93169601 15.30344388
524.36203147 15.30797957
524.79234945 15.30489241
525.22264996 15.30719160
525.65293297 15.30915244
526.08319845 15.30783828
526.51344640 15.31042167
526.94367678 15.30883964
527.37388959 15.30958689
527.80408480 15.31255883
528.23426240 15.31107199
528.66442236 15.31330540
529.09456467 15.31922737
529.52468930 15.32211765
529.95479624 15.32639028
530.38488547 15.32995985
530.81495697 15.33342419
531.24501072 15.33789716
531.67504671 15.33750685
532.10506490 15.34138648
532.53506529 15.34274220
532.96504785 15.34479839
533.39501257 15.34353683
533.82495942 15.34044180
534.25488839 15.33492433
534.68479946 15.32298074
535.11469261 15.31112158
535.54456782 15.29740247
535.97442507 15.28391651
536.40426434 15.26943375
536.83408561 15.25181300
537.26388887 15.23185647
537.69367409 15.20808789
538.12344125 15.18821317
538.55319035 15.16546390
538.98292135 15.14850657
539.41263423 15.12823674
539.84232899 15.10859642
540.27200560 15.09302477
540.70166404 15.07777485
541.13130429 15.06407402
541.56092633 15.04970449
541.99053015 15.03413890
542.42011572 15.01628309
542.84968303 15.00517680
543.27923205 14.99269520
543.70876277 14.98032512
544.13827517 14.97085971
544.56776923 14.96192408
544.99724493 14.95663416
545.42670225 14.94841999
545.85614117 14.94154654
546.28556168 14.93476039
546.71496375 14.92877122
547.14434736 14.92452722
547.57371250 14.92588184
548.00305915 14.92946395
548.43238728 14.93390008
548.86169688 14.94092233
549.29098794 14.94696454
549.72026042 14.95442057
550.14951431 14.96481491
550.57874960 14.97397561
551.00796626 14.97847260
551.43716427 14.98543941
551.86634362 14.99032445
552.29550429 14.99029011
552.72464625 14.99676254
553.15376949 14.99905635
553.58287399 15.00053040
554.01195973 14.99868931
554.44102669 14.99651524
554.87007485 14.99422333
555.29910419 14.99061432
555.72811470 14.98851413
556.15710635 14.98220185
556.58607912 14.97694998
557.01503300 14.97018734
557.44396797 14.95818691
557.87288401 14.94859315
558.30178110 14.93759738
558.73065921 14.92482505
559.15951834 14.91254717
559.58835846 14.89871819
560.01717955 14.88526571
560.44598160 14.87058820
560.87476458 14.85512675
561.30352847 14.83826290
561.73227326 14.82143097
562.16099893 14.80242889
562.58970546 14.78368500
563.01839282 14.76468350
563.44706101 14.74587484
563.87571000 14.72590430
564.30433977 14.71465939
564.73295030 14.69709261
565.16154157 14.68331517
565.59011358 14.66619005
566.01866628 14.64666406
566.44719967 14.62826371
566.87571373 14.61155463
567.30420844 14.59237804
567.73268378 14.57130672
568.16113973 14.55031811
568.58957627 14.53268482
569.01799338 14.51323342
569.44639105 14.49529886
569.87476924 14.47668353
570.30312796 14.45864527
570.73146717 14.44537735
571.15978685 14.42692215
571.58808700 14.40695883
572.01636758 14.39147930
572.44462858 14.37612746
572.87286998 14.36360944
573.30109177 14.35011530
573.72929391 14.33740696
574.15747640 14.32445140
574.58563922 14.31071128
575.01378234 14.29913996
575.44190574 14.28839317
575.87000941 14.27924546
576.29809333 14.26713331
576.72615748 14.25414943
577.15420184 14.24152730
577.58222639 14.22867116
578.01023111 14.21868274
578.43821598 14.20718985
578.86618099 14.19853426
579.29412611 14.18913012
579.72205133 14.17985355
580.14995662 14.16707397
580.57784197 14.15795132
581.00570736 14.14621257
581.43355276 14.13766898
581.86137817 14.12582103
582.28918356 14.11498665
582.71696890 14.09966718
583.14473420 14.08601507
583.57247941 14.06945989
584.00020453 14.05315445
584.42790954 14.03794954
584.85559441 14.02369769
585.28325913 14.00616900
585.71090368 13.99086097
586.13852803 13.97242243
586.56613218 13.95112661
586.99371610 13.93314340
587.42127977 13.90936482
587.84882317 13.88812084
588.27634629 13.86521962
588.70384910 13.84158246
589.13133159 13.81925303
589.55879373 13.79624923
589.98623551 13.77243106
590.41365691 13.75202296
590.84105791 13.72660977
591.26843849 13.70492754
591.69579863 13.67983328
592.12313831 13.65360221
592.55045752 13.62807931
592.97775623 13.60616499
593.40503442 13.58364976
593.83229208 13.56049565
594.25952919 13.53878060
594.68674573 13.51838369
595.11394167 13.50069798
595.54111700 13.47714644
595.96827171 13.46138704
596.39540576 13.44486818
596.82251915 13.43202728
597.24961185 13.41555871
597.67668385 13.39908543
598.10373512 13.38418267
598.53076564 13.37175772
598.95777541 13.35761702
599.38476439 13.34760294
599.81173257 13.34027502
600.23867993 13.32816296
600.66560645 13.32043280
601.09251211 13.31279599
601.51939690 13.30539833
601.94626078 13.29671738
602.37310376 13.28979065
602.79992580 13.27964616
603.22672688 13.27185929
603.65350699 13.26077365
604.08026611 13.24951240
604.50700422 13.23809134
604.93372130 13.22785980
605.36041733 13.21847931
605.78709229 13.20989629
606.21374616 13.19765062
606.64037893 13.19033307
607.06699057 13.18176694
607.49358107 13.17367945
607.92015040 13.15953911
608.34669856 13.14484822
608.77322551 13.13571076
609.19973124 13.12552605
609.62621572 13.11317621
610.05267896 13.10110014
610.47912091 13.08975075
610.90554156 13.07952113
611.33194090 13.06940976
611.75831891 13.05575319
612.18467556 13.04217923
612.61101083 13.02810222
613.03732472 13.01228651
613.46361719 12.99830232
613.88988823 12.98658260
614.31613782 12.97286808
614.74236595 12.95934665
615.16857258 12.94892198
615.59475771 12.93390323
616.02092131 12.92462012
616.44706337 12.91290785
616.87318386 12.90274476
617.29928278 12.89235901
617.72536008 12.88054773
618.15141577 12.86894719
618.57744982 12.86078793
619.00346220 12.84971228
619.42945291 12.84023224
619.85542192 12.82438499
620.28136922 12.81190958
620.70729478 12.79997186
621.13319858 12.78790306
621.55908061 12.77621513
621.98494085 12.76666808
622.41077927 12.75394936
622.83659587 12.74247064
623.26239061 12.72879408
623.68816348 12.71973802
624.11391447 12.70987935
624.53964355 12.69831522
624.96535070 12.69045711
625.39103591 12.68164638
625.81669915 12.67190225
626.24234041 12.66484367
626.66795966 12.65805879
627.09355689 12.65044270
627.51913209 12.64505793
627.94468522 12.64217179
628.37021627 12.63621729
628.79572523 12.63360773
629.22121207 12.62917673
629.64667677 12.62408760
630.07211931 12.61939046
630.49753969 12.61739442
630.92293786 12.61920574
631.34831383 12.62111507
631.77366756 12.62158545
632.19899905 12.62541877
632.62430826 12.62656548
633.04959519 12.63209423
633.47485980 12.63517710
633.90010209 12.63697315
634.32532203 12.64503781
634.75051961 12.65052237
635.17569481 12.65724771
635.60084760 12.66491533
636.02597797 12.67411555
636.45108589 12.68537131
636.87617136 12.69140822
637.30123435 12.70037809
637.72627483 12.71064737
638.15129281 12.71807108
638.57628824 12.72833716
639.00126112 12.73905778
639.42621142 12.75130588
639.85113913 12.76458396
640.27604422 12.77346338
640.70092669 12.78371534
641.12578650 12.79203851
641.55062364 12.80141340
641.97543809 12.81060449
642.40022983 12.82105537
642.82499885 12.83318871
643.24974512 12.84409977
643.67446862 12.85190684
644.09916934 12.85665318
644.52384726 12.86628623
644.94850235 12.87309853
645.37313460 12.87972056
645.79774399 12.88758208
646.22233050 12.89461912
646.64689411 12.90164439
647.07143480 12.91096837
647.49595255 12.91840152
647.92044735 12.92754707
648.34491917 12.93258608
648.76936800 12.93598371
649.19379381 12.93948055
649.61819659 12.94538167
650.04257632 12.95111142
650.46693298 12.95665536
650.89126655 12.96375290
651.31557701 12.96797804
651.73986434 12.97204492
652.16412852 12.97947002
652.58836954 12.98215828
653.01258737 12.98186260
653.43678200 12.98684690
653.86095340 12.99117123
654.28510156 12.99526590
654.70922646 13.00435430
655.13332808 13.01290780
655.55740640 13.02343896
655.98146140 13.03284193
656.40549307 13.04489368
656.82950137 13.06014837
657.25348630 13.07707501
657.67744784 13.09212999
658.10138596 13.10835987
658.52530064 13.12830698
658.94919188 13.14949140
659.37305964 13.17370830
659.79690391 13.19771799
660.22072468 13.21857416
660.64452191 13.24149907
661.06829560 13.26356084
661.49204572 13.29194465
661.91577225 13.32026712
662.33947518 13.34927734
662.76315449 13.37567397
663.18681015 13.40628571
663.61044215 13.43838105
664.03405047 13.46890014
664.45763509 13.50522741
664.88119598 13.54138960
665.30473314 13.57300089
665.72824655 13.60664779
666.15173617 13.64546505
666.57520200 13.68465078
666.99864402 13.71970961
667.42206220 13.75589844
667.84545653 13.78861215
668.26882699 13.81922952
668.69217355 13.85304244
669.11549621 13.88666108
669.53879494 13.91777861
669.96206971 13.95234779
670.38532052 13.98443252
670.80854735 14.01547936
671.23175017 14.04677689
671.65492896 14.07264471
672.07808371 14.10293105
672.50121440 14.12889300
672.92432101 14.15918341
673.34740351 14.18725561
673.77046190 14.21417877
674.19349615 14.24151288
674.61650623 14.26663974
675.03949215 14.29365635
675.46245386 14.31990877
675.88539136 14.34765698
676.30830463 14.37413168
676.73119364 14.39931391
677.15405838 14.42769237
677.57689882 14.45473289
677.99971496 14.48189542
678.42250677 14.51259683
678.84527423 14.54360876
679.26801732 14.57538220
679.69073602 14.60598381
680.11343032 14.63983493
680.53610019 14.67401466
680.95874562 14.71112312
681.38136658 14.74980672
681.80396307 14.78432348
682.22653505 14.82027910
682.64908251 14.86122785
683.07160543 14.90235304
683.49410379 14.94417993
683.91657758 14.98691005
684.33902677 15.03344195
684.76145134 15.08036841
685.18385128 15.12477585
685.60622656 15.17516402
686.02857717 15.22216473
686.45090309 15.27728189
686.87320430 15.33052681
687.29548077 15.38383561
687.71773250 15.43604311
688.13995946 15.49269869
688.56216163 15.55056486
688.98433899 15.61108793
689.40649153 15.67267832
689.82861923 15.73510233
690.25072206 15.79742981
690.67280001 15.86161475
691.09485305 15.92095384
691.51688118 15.98040450
691.93888436 16.04568388
692.36086259 16.10675010
692.78281583 16.16428293
693.20474408 16.22463080
693.62664732 16.28438988
694.04852552 16.34235838
694.47037866 16.40197606
694.89220673 16.46439919
695.31400971 16.52866680
695.73578757 16.58886212
696.15754031 16.64532687
696.57926789 16.70218731
697.00097031 16.75704127
697.42264753 16.80799604
697.84429955 16.86711995
698.26592635 16.92229193
698.68752790 16.97468817
699.10910418 17.02850600
699.53065518 17.08170200
699.95218088 17.13237730
