420.19064491 17.63994099
420.62461995 17.44934309
421.05858210 17.26884087
421.49253135 17.11526744
421.92646768 16.97128130
422.36039106 16.83147639
422.79430148 16.70117545
423.22819892 16.58747724
423.66208336 16.47112628
424.09595478 16.38297249
424.52981316 16.27176326
424.96365849 16.18644432
425.39749074 16.10621147
425.83130989 16.02586743
426.26511593 15.94558994
426.69890883 15.87547097
427.13268858 15.80986348
427.56645516 15.73402406
428.00020855 15.67015135
428.43394873 15.59374545
428.86767568 15.50980340
429.30138939 15.41808494
429.73508982 15.33721618
430.16877697 15.26086014
430.60245081 15.20028704
431.03611133 15.12928958
431.46975851 15.08282566
431.90339232 15.03063775
432.33701276 14.98305273
432.77061979 14.94691966
433.20421340 14.90136462
433.63779357 14.85085042
434.07136029 14.81522991
434.50491352 14.77848940
434.93845327 14.73870450
435.37197949 14.69020497
435.80549219 14.65615979
436.23899132 14.63050840
436.67247689 14.59318189
437.10594887 14.56467316
437.53940723 14.52741089
437.97285197 14.49806986
438.40628306 14.47386760
438.83970048 14.43571273
439.27310421 14.40940312
439.70649424 14.38048755
440.13987054 14.35182578
440.57323310 14.31247444
441.00658189 14.26903132
441.43991690 14.23450991
441.87323811 14.20934176
442.30654551 14.20871221
442.73983906 14.19149668
443.17311875 14.18024367
443.60638457 14.16149444
444.03963649 14.13880745
444.47287449 14.11831547
444.90609856 14.09434851
445.33930868 14.07808563
445.77250482 14.04381737
446.20568697 14.00863924
446.63885511 13.99586319
447.07200922 13.96109394
447.50514928 13.93040777
447.93827527 13.91451728
448.37138718 13.88643151
448.80448497 13.87033138
449.23756865 13.86221033
449.67063818 13.83454444
450.10369354 13.80946909
450.53673472 13.78778199
450.96976170 13.76564128
451.40277446 13.73769103
451.83577298 13.71435452
452.26875725 13.68917826
452.70172723 13.67413234
453.13468291 13.65884482
453.56762428 13.64249469
454.00055132 13.63548823
454.43346400 13.62731639
454.86636230 13.61171651
455.29924622 13.61294128
455.73211572 13.59667552
456.16497079 13.59158238
456.59781142 13.58449989
457.03063757 13.57326948
457.46344923 13.56228104
457.89624639 13.55176455
458.32902903 13.54160460
458.76179711 13.52861008
459.19455064 13.52454298
459.62728958 13.51340466
460.06001392 13.49322649
460.49272363 13.48278748
460.92541871 13.47278463
461.35809913 13.45443020
461.79076486 13.44548807
462.22341591 13.42870909
462.65605223 13.40237178
463.08867382 13.38930914
463.52128065 13.37885747
463.95387271 13.36464273
464.38644998 13.35537932
464.81901243 13.35482170
465.25156005 13.34724599
465.68409283 13.34703708
466.11661073 13.33408402
466.54911374 13.32858670
466.98160185 13.32192182
467.41407503 13.31025516
467.84653327 13.29952847
468.27897654 13.30095216
468.71140483 13.28020170
469.14381811 13.26703302
469.57621637 13.25414069
470.00859960 13.24762843
470.44096776 13.24195600
470.87332084 13.23493465
471.30565882 13.23309833
471.73798169 13.22509347
472.17028942 13.22114711
472.60258200 13.20732023
473.03485940 13.20299763
473.46712160 13.21058236
473.89936860 13.21520910
474.33160036 13.21170533
474.76381687 13.20634178
475.19601811 13.20456845
475.62820407 13.21155097
476.06037471 13.21977780
476.49253003 13.21823601
476.92467000 13.22083450
477.35679461 13.21990557
477.78890383 13.22369662
478.22099765 13.21601026
478.65307605 13.21151313
479.08513900 13.20642585
479.51718650 13.20383661
479.94921851 13.19759522
480.38123503 13.18589364
480.81323602 13.17893212
481.24522149 13.17918885
481.67719139 13.16668356
482.10914572 13.16877817
482.54108446 13.16348370
482.97300758 13.15837798
483.40491507 13.14656962
483.83680691 13.13718960
484.26868308 13.13844343
484.70054356 13.13383920
485.13238833 13.12788884
485.56421738 13.12576297
485.99603067 13.13494778
486.42782820 13.13892804
486.85960995 13.13150330
487.29137589 13.12994043
487.72312601 13.13552500
488.15486029 13.13919684
488.58657870 13.13838422
489.01828124 13.13631039
489.44996788 13.13382064
489.88163860 13.14189802
490.31329338 13.14268339
490.74493220 13.14207781
491.17655505 13.14029695
491.60816190 13.14596306
492.03975274 13.14869031
492.47132755 13.14835832
492.90288631 13.15350641
493.33442899 13.15627952
493.76595559 13.16547804
494.19746607 13.16995599
494.62896043 13.17098780
495.06043864 13.18200465
495.49190069 13.18840390
495.92334655 13.19656937
496.35477620 13.20465010
496.78618963 13.21518622
497.21758682 13.21726324
497.64896774 13.21997279
498.08033239 13.22649267
498.51168074 13.23213010
498.94301276 13.23670062
499.37432845 13.23583675
499.80562778 13.23432401
500.23691074 13.23664501
500.66817730 13.24055156
501.09942745 13.23804759
501.53066116 13.24445759
501.96187842 13.25112667
502.39307921 13.26045961
502.82426351 13.26507592
503.25543130 13.26782346
503.68658256 13.27174777
504.11771727 13.28137838
504.54883542 13.28577266
504.97993698 13.28647126
505.41102193 13.28868488
505.84209026 13.29464894
506.27314195 13.29616560
506.70417698 13.30081753
507.13519532 13.29914144
507.56619696 13.30257329
507.99718189 13.30767124
508.42815007 13.31126525
508.85910150 13.31312304
509.29003615 13.31553808
509.72095401 13.31915744
510.15185505 13.31629011
510.58273926 13.32145285
511.01360661 13.32689757
511.44445709 13.33061216
511.87529069 13.33175862
512.30610737 13.33687370
512.73690712 13.34145413
513.16768992 13.34876521
513.59845576 13.34958270
514.02920461 13.35264860
514.45993645 13.35773183
514.89065127 13.35892645
515.32134905 13.35959916
515.75202976 13.36170977
516.18269339 13.36314904
516.61333992 13.36434732
517.04396933 13.37131156
517.47458160 13.36834210
517.90517671 13.36865238
518.33575465 13.37036931
518.76631539 13.37457673
519.19685891 13.38076946
519.62738520 13.38532469
520.05789424 13.39191543
520.48838600 13.40190889
520.91886048 13.40678821
521.34931764 13.41089997
521.77975747 13.40937848
522.21017995 13.41028077
522.64058507 13.41510256
523.07097279 13.41642087
523.50134312 13.42621097
523.93169601 13.43734724
524.36203147 13.43977378
524.79234945 13.44255787
525.22264996 13.45029612
525.65293297 13.45282565
526.08319845 13.45889544
526.51344640 13.45743004
526.94367678 13.46693462
527.37388959 13.47562825
527.80408480 13.48215832
528.23426240 13.48851685
528.66442236 13.49673039
529.09456467 13.50486494
529.52468930 13.51397769
529.95479624 13.52151708
530.38488547 13.52345233
530.81495697 13.53311079
531.24501072 13.53991589
531.67504671 13.54755653
532.10506490 13.55235376
532.53506529 13.55457183
532.96504785 13.55743414
533.39501257 13.55477946
533.82495942 13.55434069
534.25488839 13.55578006
534.68479946 13.55379658
535.11469261 13.55331887
535.54456782 13.55054290
535.97442507 13.54632715
536.40426434 13.54197217
536.83408561 13.53521096
537.26388887 13.52426660
537.69367409 13.51802034
538.12344125 13.51115312
538.55319035 13.50540448
538.98292135 13.50216552
539.41263423 13.49465373
539.84232899 13.49518388
540.27200560 13.49101395
540.70166404 13.48428605
541.13130429 13.48659420
541.56092633 13.48173650
541.99053015 13.48226178
542.42011572 13.47730620
542.84968303 13.47274236
543.27923205 13.46954264
543.70876277 13.47121766
544.13827517 13.46630985
544.56776923 13.46436106
544.99724493 13.46313627
545.42670225 13.46433701
545.85614117 13.46801276
546.28556168 13.46908464
546.71496375 13.47479041
547.14434736 13.48167945
547.57371250 13.48699491
548.00305915 13.49485265
548.43238728 13.50610638
548.86169688 13.51879593
549.29098794 13.53319431
549.72026042 13.54757550
550.14951431 13.56046514
550.57874960 13.57717811
551.00796626 13.58984773
551.43716427 13.60180235
551.86634362 13.61596113
552.29550429 13.62285741
552.72464625 13.63116351
553.15376949 13.63939493
553.58287399 13.64843701
554.01195973 13.65593603
554.44102669 13.65874981
554.87007485 13.66923310
555.29910419 13.67618205
555.72811470 13.68358449
556.15710635 13.69415392
556.58607912 13.70329517
557.01503300 13.70812246
557.44396797 13.71890367
557.87288401 13.73167487
558.30178110 13.74497121
558.73065921 13.75424816
559.15951834 13.76091068
559.58835846 13.76738851
560.01717955 13.77468172
560.44598160 13.77868055
560.87476458 13.78449656
561.30352847 13.79142507
561.73227326 13.79482725
562.16099893 13.79754125
562.58970546 13.79855256
563.01839282 13.80432879
563.44706101 13.80855013
563.87571000 13.81365531
564.30433977 13.81746498
564.73295030 13.82176006
565.16154157 13.82164695
565.59011358 13.82815684
566.01866628 13.83430909
566.44719967 13.83973378
566.87571373 13.84483396
567.30420844 13.84951607
567.73268378 13.85441879
568.16113973 13.86060647
568.58957627 13.86644605
569.01799338 13.87484965
569.44639105 13.88166160
569.87476924 13.88987367
570.30312796 13.89772776
570.73146717 13.90402898
571.15978685 13.90845804
571.58808700 13.90897513
572.01636758 13.91413468
572.44462858 13.91811245
572.87286998 13.92505766
573.30109177 13.93234652
573.72929391 13.94003350
574.15747640 13.94841901
574.58563922 13.95843956
575.01378234 13.96504551
575.44190574 13.97429797
575.87000941 13.98157090
576.29809333 13.99023874
576.72615748 14.00012217
577.15420184 14.01069238
577.58222639 14.02455651
578.01023111 14.03907201
578.43821598 14.05352080
578.86618099 14.06993331
579.29412611 14.08421178
579.72205133 14.09739456
580.14995662 14.11240402
580.57784197 14.12813241
581.00570736 14.14357874
581.43355276 14.15520128
581.86137817 14.16954847
582.28918356 14.17829191
582.71696890 14.18857180
583.14473420 14.19876308
583.57247941 14.21091106
584.00020453 14.22045267
584.42790954 14.22921185
584.85559441 14.24075267
585.28325913 14.25113502
585.71090368 14.26220638
586.13852803 14.27128270
586.56613218 14.28041123
586.99371610 14.28860549
587.42127977 14.29512883
587.84882317 14.30179529
588.27634629 14.31063086
588.70384910 14.31810770
589.13133159 14.32645177
589.55879373 14.33428493
589.98623551 14.34320661
590.41365691 14.35116233
590.84105791 14.35873086
591.26843849 14.36821052
591.69579863 14.37854556
592.12313831 14.38427487
592.55045752 14.39305975
592.97775623 14.40349142
593.40503442 14.40911335
593.83229208 14.42076592
594.25952919 14.43262345
594.68674573 14.44099917
595.11394167 14.44854110
595.54111700 14.46225991
595.96827171 14.47084965
596.39540576 14.48139375
596.82251915 14.48969291
597.24961185 14.50480167
597.67668385 14.52099868
598.10373512 14.53602330
598.53076564 14.55295870
598.95777541 14.56843017
599.38476439 14.58733753
599.81173257 14.60583681
600.23867993 14.62299650
600.66560645 14.64159759
601.09251211 14.65876053
601.51939690 14.67485213
601.94626078 14.69564445
602.37310376 14.71538310
602.79992580 14.73362508
603.22672688 14.75187096
603.65350699 14.76834852
604.08026611 14.78622954
604.50700422 14.80502295
604.93372130 14.81956831
605.36041733 14.83691160
605.78709229 14.85365161
606.21374616 14.86940043
606.64037893 14.88643744
607.06699057 14.90058129
607.49358107 14.91174561
607.92015040 14.92825498
608.34669856 14.94107040
608.77322551 14.95438794
609.19973124 14.96918411
609.62621572 14.98378754
610.05267896 14.99697143
610.47912091 15.00814182
610.90554156 15.01719617
611.33194090 15.02361601
611.75831891 15.02795533
612.18467556 15.04347474
612.61101083 15.05403554
613.03732472 15.06662722
613.46361719 15.08075010
613.88988823 15.09689960
614.31613782 15.11359161
614.74236595 15.13489459
615.16857258 15.15083309
615.59475771 15.16969260
616.02092131 15.18468851
616.44706337 15.20476021
616.87318386 15.22487345
617.29928278 15.24342106
617.72536008 15.25858249
618.15141577 15.27941267
618.57744982 15.30070501
619.00346220 15.32080498
619.42945291 15.34062114
619.85542192 15.36115371
620.28136922 15.37940993
620.70729478 15.40224578
621.13319858 15.42287234
621.55908061 15.44274863
621.98494085 15.46019255
622.41077927 15.48182306
622.83659587 15.49928492
623.26239061 15.51884200
623.68816348 15.53836703
624.11391447 15.55943815
624.53964355 15.58503474
624.96535070 15.61053228
625.39103591 15.62839898
625.81669915 15.64958065
626.24234041 15.67120997
626.66795966 15.69519081
627.09355689 15.71923746
627.51913209 15.74472320
627.94468522 15.76689033
628.37021627 15.79180349
628.79572523 15.81353684
629.22121207 15.83642152
629.64667677 15.85876003
630.07211931 15.88000981
630.49753969 15.90457710
630.92293786 15.92899443
631.34831383 15.95299836
631.77366756 15.97695216
632.19899905 16.00083685
632.62430826 16.02803860
633.04959519 16.05847419
633.47485980 16.08464006
633.90010209 16.10867820
634.32532203 16.13827127
634.75051961 16.17012067
635.17569481 16.20181534
635.60084760 16.23123496
636.02597797 16.26647947
636.45108589 16.30106517
636.87617136 16.33197863
637.30123435 16.35973077
637.72627483 16.38785721
638.15129281 16.41811039
638.57628824 16.44498430
639.00126112 16.47223228
639.42621142 16.49807813
639.85113913 16.52299998
640.27604422 16.54604603
640.70092669 16.57294837
641.12578650 16.59974560
641.55062364 16.62797584
641.97543809 16.65978046
642.40022983 16.69574952
642.82499885 16.72647740
643.24974512 16.75623942
643.67446862 16.78835990
644.09916934 16.82011910
644.52384726 16.85088125
644.94850235 16.87885674
645.37313460 16.90996355
645.79774399 16.93897985
646.22233050 16.96444559
646.64689411 16.99479213
647.07143480 17.02677831
647.49595255 17.05470167
647.92044735 17.08311768
648.34491917 17.11373699
648.76936800 17.14577296
649.19379381 17.17259164
649.61819659 17.19849397
650.04257632 17.23173241
650.46693298 17.26867005
650.89126655 17.30393288
651.31557701 17.33773447
651.73986434 17.37369508
652.16412852 17.40894000
652.58836954 17.44548725
653.01258737 17.48221018
653.43678200 17.51938457
653.86095340 17.54900908
654.28510156 17.58662386
654.70922646 17.62186221
655.13332808 17.65625432
655.55740640 17.69158738
655.98146140 17.72579569
656.40549307 17.76056370
656.82950137 17.79307006
657.25348630 17.82918425
657.67744784 17.86642014
658.10138596 17.90618891
658.52530064 17.94897611
658.94919188 17.99167386
659.37305964 18.03757544
659.79690391 18.08085994
660.22072468 18.12372515
660.64452191 18.16971809
661.06829560 18.21315530
661.49204572 18.25480336
661.91577225 18.29532350
662.33947518 18.34191425
662.76315449 18.38805247
663.18681015 18.43175173
663.61044215 18.47681448
664.03405047 18.52392256
664.45763509 18.56853497
664.88119598 18.61286033
665.30473314 18.66103958
665.72824655 18.70159178
666.15173617 18.74440848
666.57520200 18.78687457
666.99864402 18.82927144
667.42206220 18.87045974
667.84545653 18.90947793
668.26882699 18.94815077
668.69217355 18.98425546
669.11549621 19.02542996
669.53879494 19.07186518
669.96206971 19.11775787
670.38532052 19.15837572
670.80854735 19.20000465
671.23175017 19.24318985
671.65492896 19.28023794
672.07808371 19.32178343
672.50121440 19.36070884
672.92432101 19.40738083
673.34740351 19.45259895
673.77046190 19.49459060
674.19349615 19.53850065
674.61650623 19.58336345
675.03949215 19.62863065
675.46245386 19.66655440
675.88539136 19.71269993
676.30830463 19.75628499
676.73119364 19.80084096
677.15405838 19.84257141
677.57689882 19.89248187
677.99971496 19.94168333
678.42250677 19.98674103
678.84527423 20.03353561
679.26801732 20.07867350
679.69073602 20.12349169
680.11343032 20.17254191
680.53610019 20.21460202
680.95874562 20.26033582
681.38136658 20.30531141
681.80396307 20.35172506
682.22653505 20.40302675
682.64908251 20.44492712
683.07160543 20.49206353
683.49410379 20.54306134
683.91657758 20.59552341
684.33902677 20.64526013
684.76145134 20.69468906
685.18385128 20.73972599
685.60622656 20.78714449
686.02857717 20.83209217
686.45090309 20.87732450
686.87320430 20.92587830
687.29548077 20.97518199
687.71773250 21.02255526
688.13995946 21.07130785
688.56216163 21.12776963
688.98433899 21.18144859
689.40649153 21.23559606
689.82861923 21.29304530
690.25072206 21.35643628
690.67280001 21.41398706
691.09485305 21.47309431
691.51688118 21.53958737
691.93888436 21.60288559
692.36086259 21.66567982
692.78281583 21.73088482
693.20474408 21.79430915
693.62664732 21.86589303
694.04852552 21.93221636
694.47037866 22.00107731
694.89220673 22.06143810
695.31400971 22.11668354
695.73578757 22.17979604
696.15754031 22.23468711
696.57926789 22.28689445
697.00097031 22.33671677
697.42264753 22.38822791
697.84429955 22.44380528
698.26592635 22.50041683
698.68752790 22.55197458
699.10910418 22.60146376
699.53065518 22.65192507
699.95218088 22.70089072
