421	0.9250335200298982	1.7067387245602161	1.7379830560530622	2.3325408884164758	1.9456212300444793	1.3813291258315858	1.7017946657672027
422	0.9545266512802781	1.7559988457805578	1.7863888368227592	2.4062164631043164	2.003982179879883	1.4130563820884479	1.750015123855889
423	0.9866198762145653	1.8137054872408733	1.841594024535974	2.486407483565454	2.0683418563189124	1.4533097386605394	1.805121279223775
424	1.0200694162287978	1.875177778633321	1.9002287066590302	2.573554436076766	2.138581019003556	1.4964117113988622	1.864633888052114
425	1.055546852481873	1.9404048684460138	1.9630355802495711	2.663399521227055	2.211782839364045	1.5420040219952051	1.927804638436985
426	1.0927230049096475	2.0088031504629345	2.028884679044465	2.7599742810828314	2.2869356098798646	1.5874476743366985	1.994692565949619
427	1.1307590190142414	2.0797357494618147	2.0967119345400116	2.8570505167701925	2.3630322947239812	1.6351779606377683	2.0618980886565645
428	1.1685464898991784	2.149665286459553	2.1662215508998623	2.954761011707227	2.4429870502246125	1.6844148391434255	2.131860274510938
429	1.2043426008908487	2.2169700714832055	2.2309099182043686	3.0479536055660734	2.5191393157292317	1.7309149262025487	2.198017465262441
430	1.2405745670026747	2.287818302382664	2.298018550567633	3.142961722748234	2.5983118578034237	1.7797922399519608	2.26733932001361
431	1.2788947539391837	2.3650807795875597	2.371505580533741	3.247616468626294	2.6812603511995277	1.8329605213028597	2.3419210462352846
432	1.3196333977740478	2.452500192577779	2.4546098375493064	3.3607167478178335	2.7751145289025145	1.892341929982948	2.424772100366668
433	1.3629931184148314	2.5426175952244296	2.5421512283512	3.4803591333679176	2.8754743239320155	1.9542960207178601	2.511645198339519
434	1.4088376351447591	2.6382259051419865	2.633750778212453	3.6079706738559936	2.9807430446255174	2.018954403167155	2.6037191958896573
435	1.4569126540401929	2.7359655399860165	2.7307248352405904	3.737282249605389	3.0880937408003803	2.0856436897991624	2.6995912090149203
436	1.5064241158637004	2.836998235252857	2.8279184530570856	3.8745936131907066	3.197777087297001	2.152709254309932	2.797025028722222
437	1.556975538856371	2.940669687752356	2.9284538846832118	4.013998769811003	3.311426082200439	2.2224001369303474	2.899184596900217
438	1.6070725920537705	3.045339232592218	3.03195062767862	4.155951648677125	3.427009934253365	2.2935179390451745	3.0028003517172115
439	1.657361269056988	3.1531052099387944	3.139999892298572	4.299906824494923	3.547423105909595	2.366214902254871	3.110954912003971
440	1.7087931620282122	3.2685715429766775	3.25283227861869	4.4504626125662226	3.676184276557891	2.44265889738707	3.223203604307658
441	1.7619522707366464	3.3848950065696477	3.3672436393839535	4.605725911736044	3.8030479774320254	2.520818913572368	3.338528148022897
442	1.8193748654113784	3.513842001071666	3.491849455588135	4.773145168984259	3.9423069603423615	2.6039847728479555	3.459737319589516
443	1.881136661590916	3.649322308228664	3.6241325455936018	4.9546881569256715	4.091992387886802	2.6950892303326563	3.5919292292256597
444	1.9439407691035009	3.7871803702736044	3.7571502640530023	5.13710516481852	4.241383405760629	2.7858168760695436	3.7247358966735296
445	2.0074827285399945	3.9198682729715193	3.88884729085284	5.318037397469278	4.387964684740655	2.8733547346105923	3.8556528585962706
446	2.070922279741348	4.0535301381689095	4.020147911931501	5.498046233094178	4.5325676086322115	2.962072539788397	3.98596575914036
447	2.133499544160886	4.19228853146744	4.154063671119084	5.680565398939355	4.6808736653692105	3.0513642662565332	4.11860695180795
448	2.195104248577955	4.332562823765431	4.287157150941294	5.86544411655521	4.8314121939957335	3.14132674139291	4.254047354288303
449	2.257263630829247	4.4807018639203315	4.430746174921691	6.058697978339143	4.990081215455933	3.240340195088738	4.398158871849185
450	2.3206655342728446	4.628144498636498	4.576701674222724	6.253889074420542	5.1493373254433585	3.338635889791934	4.544008576971936
451	2.3866899307696734	4.780282172333907	4.726209779553123	6.4507344113591145	5.314458717399166	3.4383392135711994	4.691595632226079
452	2.4575095146780237	4.938489358459894	4.880374273803787	6.656720203050422	5.484168998847377	3.542970811519484	4.8386952139443045
453	2.5327854897155753	5.102624481550971	5.038119737924768	6.870485383407129	5.65678887287417	3.6533663407622425	4.993663527994237
454	2.612830507235402	5.272032357792687	5.201955540955861	7.091148420121954	5.8407487313367765	3.7674362658107006	5.1566520104856
455	2.695448327796015	5.4433131186729975	5.367201360666271	7.3160809847402035	6.0270591743380715	3.8840771356852724	5.323936470271002
456	2.7796972411373937	5.618964780332301	5.537938416647818	7.550537777950782	6.214955760964748	4.001357626691921	5.494263822323583
457	2.8646269312689396	5.798523393443839	5.714124201167894	7.79092029540332	6.407159346548701	4.122978750530769	5.668353326856144
458	2.948178633539744	5.981483325441442	5.891222413852963	8.033161288927149	6.602172304795569	4.246745000135523	5.845797246404895
459	3.031039427281481	6.170112023694293	6.071796962181837	8.280652191927881	6.807198951481889	4.371534246223088	6.031555637928933
460	3.1149520565129936	6.353707588422972	6.25101646295993	8.524814755113256	7.008973171778438	4.494883231516048	6.215448464193564
461	3.2009950593044922	6.541482639496475	6.433230081404883	8.775896310701208	7.215147402739523	4.622316118627198	6.398486982526792
462	3.291931304704379	6.732392891621452	6.622211365802155	9.03029150053399	7.422001900362073	4.749188755456384	6.580880966132713
463	3.3829842243840527	6.925061628281873	6.808547861009409	9.28596242564058	7.632311405342873	4.873720949426192	6.763934764481901
464	3.476675138990632	7.124719413989611	6.997577799585146	9.55190578860751	7.843071918927668	5.003914519876047	6.956865153208473
465	3.5743779485135247	7.332538056413112	7.189712423898314	9.824175089322692	8.065517339328146	5.141073210687036	7.156143539803742
466	3.6711079680437737	7.542868807839517	7.388328771093529	10.103195123718013	8.290861622511573	5.280330579653514	7.359175812300584
467	3.767922768616646	7.7565202332933945	7.590815874159692	10.387893320553184	8.518392716680328	5.418695831328204	7.564762002737103
468	3.8633660733494386	7.972695129016712	7.793207674798375	10.672614412638941	8.74482710476738	5.557642767515016	7.773343343669782
469	3.959486607618653	8.192015398804244	7.9975731336004445	10.956683662274676	8.969953766344855	5.699842178300514	7.981886607955464
470	4.058778016676928	8.407297435225379	8.204573341521439	11.243598636578183	9.202530193387107	5.841168203646093	8.19106228387638
471	4.162686610583288	8.632044335770663	8.418381157574297	11.531102096684704	9.43799510171089	5.984967004497911	8.402968011738523
472	4.271748833730216	8.858265344319717	8.639451618883507	11.818926851553778	9.673187374765533	6.138368298422219	8.617451848849322
473	4.3878208163995485	9.087418789921784	8.858050513918771	12.113510225691046	9.911785950688328	6.295353158715536	8.833430859110623
474	4.511385528005507	9.325066707229869	9.090057764427904	12.415616992881647	10.162758476541123	6.4598011229041985	9.060858279348203
475	4.6388038888517675	9.564009343023693	9.316503938245544	12.719248852740392	10.40740498855439	6.620946327783856	9.286655111214957
476	4.768168112313432	9.811909691118583	9.549926938511545	13.035342205557429	10.66828263555015	6.7930581908663665	9.524735027602896
477	4.897790713565059	10.059088980238913	9.782152717807307	13.349464741362715	10.924426747462627	6.9624985846838445	9.759593699403524
478	5.022744768474376	10.303835623864467	10.013278116190603	13.663097507646938	11.17802981262381	7.132254637329372	9.993307376041379
479	5.144324678119275	10.546823195862634	10.24328105064953	13.97558405636244	11.428053242109625	7.292546979224175	10.223365927736296
480	5.262025842252579	10.783878878648697	10.467638557355892	14.275114972081575	11.670064698089588	7.451674922047978	10.450963435292545
481	5.378316536422067	11.01836871385041	10.68668119856435	14.575118586730845	11.911700280835023	7.6085916319542175	10.678362328091065
482	5.495487712919736	11.255033354627114	10.914280593546984	14.875424847063485	12.164581865102019	7.773287103321613	10.910071040404851
483	5.613985781100154	11.493310756141659	11.139731480470763	15.17638341065279	12.417474122356774	7.933975160556127	11.14156873564887
484	5.734268120862636	11.73532050218967	11.372562261040667	15.47435010552781	12.66796965919653	8.099190548069151	11.37562738118479
485	5.860202996096235	11.978269431729831	11.601190595452255	15.779315366714	12.921282579857037	8.26549834542177	11.6097291845621
486	5.989742937473591	12.226372818877635	11.834865360423724	16.09104520686128	13.186274084904912	8.432865796298003	11.843331699983846
487	6.121879243137923	12.48066908733044	12.068216977716013	16.40453660442507	13.43958138731184	8.59994876278627	12.07325794357968
488	6.254915548426403	12.736825314226095	12.303220050207095	16.73692051462442	13.706531098139711	8.77243581472359	12.311852640704728
489	6.389204733615172	12.986863361269235	12.534580370111534	17.056699738788886	13.964926561731902	8.93528536768546	12.551557458672322
490	6.5273208712603	13.240052659591248	12.773704530528661	17.38644562316968	14.227532989943848	9.10860045739276	12.79393351244455
491	6.665416163251849	13.498323878101422	13.00605031848728	17.71113024252363	14.48916589557134	9.273730291905736	13.032937401339705
492	6.805570630790917	13.757527109868487	13.248642434839457	18.03874185985706	14.756651222274431	9.44620488439279	13.282844561874322
493	6.947978927175072	14.019878595522181	13.491196553552701	18.373034165678998	15.023901854683064	9.622967142371989	13.53107492034559
494	7.09075504182624	14.283831676364613	13.738428540811912	18.711040835529648	15.302783673324326	9.804347885373982	13.782877741946413
495	7.234455102845138	14.552717846988243	13.985710344181834	19.045613101658844	15.576305277543906	9.979682068881457	14.028254930584941
496	7.378383633624213	14.819671079507174	14.236217979964469	19.383340521126037	15.8486567112761	10.157004684341954	14.276841928403032
497	7.524807850491574	15.085831211293833	14.483311963773158	19.717484325618596	16.11884518217962	10.332692597716122	14.519267885339536
498	7.669669444211223	15.356825871735085	14.729544350685059	20.053189821343466	16.39450098372208	10.511433043651314	14.761858398750862
499	7.810128130843819	15.626835070088042	14.969979246539799	20.383000043757338	16.662202849966736	10.680908805046437	15.008801055656036
500	7.945848168863045	15.884414226403056	15.206003134143122	20.71112158037957	16.928336289924637	10.844118257401433	15.245684994997013
501	8.079179808962737	16.143565594883345	15.436386396607148	21.02332121612582	17.18299410336193	11.002956762150626	15.484120232357695
502	8.20871984314487	16.410779898839667	15.66584067623931	21.33415036253524	17.443101616369685	11.161118778132261	15.718295341895786
503	8.33507637521186	16.66967563098089	15.890277623081149	21.6409550230926	17.69915287864419	11.320354562915925	15.950715192823651
504	8.460700015002393	16.9233307114188	16.115679845220384	21.941464949880658	17.94531619187849	11.473032176870085	16.173164909416396
505	8.587320076349364	17.172834888636817	16.335094804381704	22.237517610242257	18.190410718469952	11.6244983428634	16.39599873075362
506	8.71435277030098	17.422811823809173	16.556415122410762	22.534140348968066	18.433650837573786	11.774785143413169	16.61482400996878
507	8.843996361942473	17.67200902595385	16.779070511754696	22.827608660129773	18.670570210461765	11.925987779175697	16.83299662471505
508	8.978000570146069	17.915349620969334	16.994841166023296	23.116954508580086	18.902173500908592	12.074385747987924	17.04086271326917
509	9.109971244913185	18.157549080481626	17.200356402233126	23.39088331972206	19.12311049255679	12.215261463559504	17.2450443434525
510	9.245180563690564	18.394113762424873	17.404698932745195	23.658356253408375	19.342395153937595	12.357038895649357	17.446076718225086
511	9.378608024627372	18.630812233877435	17.609546062145093	23.925957833574586	19.565257427799985	12.50116256868087	17.65368715582859
512	9.511259070051613	18.86555840235585	17.812685593355706	24.192173795999715	19.7773824987936	12.638442369814	17.856735764389228
513	9.645987089511314	19.098867250796754	18.00794353405119	24.451933550613017	19.984579539021443	12.780601622994563	18.05947925210936
514	9.778182110471104	19.334645776531257	18.19372881608204	24.704490121770842	20.194054544829402	12.915550761879246	18.25259494520249
515	9.908494192612299	19.560593028934118	18.38131524063581	24.950494800126258	20.392742037359167	13.05118707910463	18.44025651719297
516	10.031810606673922	19.785711269491113	18.545796000639335	25.183891043954272	20.576597585035415	13.16976824979288	18.614959447645436
517	10.149849951147567	20.015344472920177	18.71319456508097	25.411272193599757	20.760684074374737	13.29171767917559	18.796360777775682
518	10.263984212591357	20.25036094315007	18.867413948941447	25.630108962430924	20.935449578042476	13.404275872273894	18.96419986344734
519	10.377959949232844	20.481880648546547	19.015257830173226	25.832184450782062	21.09891183588665	13.508551470618633	19.12421699792521
520	10.487813261227055	20.714494606509568	19.16486492407422	26.029857587722937	21.263525621273406	13.613224681157712	19.279314085008984
521	10.593474986494883	20.945224213009805	19.305138675629443	26.21459687877528	21.41970625329832	13.710733679022649	19.424621410948323
522	10.696069270029923	21.176280550317422	19.43982788526437	26.393265185446293	21.568665208248138	13.798822798344087	19.56564153555644
523	10.797097358142993	21.403960564243512	19.565889750056034	26.564302558806403	21.71081035197783	13.883300658892384	19.707299464694753
524	10.899075248997809	21.633425038512446	19.687755039052455	26.73790258319355	21.849747991529338	13.964550159146103	19.838300822962264
525	11.000141830027	21.86321621493423	19.80325842365213	26.888035313131258	21.972334914515955	14.035291900846689	19.95829028120282
526	11.098397868370986	22.093213536372296	19.910253518206968	27.022413745399888	22.098088942324022	14.102403382036735	20.06347254490411
527	11.19243344649269	22.315764642705442	20.024953409106228	27.144246191168246	22.211339414145023	14.16555021775272	20.16110660363949
528	11.288086138155414	22.528906662840544	20.123458675404255	27.266011281933114	22.31990033413835	14.22743251532423	20.26620261306794
529	11.388639752790708	22.743919441369275	20.227362520345057	27.3876805277787	22.419337882268692	14.29051978564735	20.364170284507097
530	11.490129180005546	22.947425273232728	20.323272411049675	27.501890202676268	22.517559478660424	14.346827781736819	20.453471111848565
531	11.587586209682707	23.137225115096903	20.411033161664772	27.600600973823468	22.598483818533893	14.395718767883327	20.53521586247535
532	11.678832151700478	23.316670454249863	20.478301100900257	27.694120844455423	22.67393814052249	14.434220898012526	20.603854054174498
533	11.76369631446265	23.47866450000247	20.53264491142159	27.770354517852027	22.730020248729744	14.465067850071943	20.657912983150812
534	11.836915026735337	23.620541923487444	20.563245996645893	27.82140636830252	22.765255859564075	14.476878581110057	20.700427891420652
535	11.90099406162587	23.73561231444621	20.576227869266106	27.842281102314377	22.776725304433118	14.470283013629132	20.7186584361233
536	11.953318545585441	23.829917649891513	20.569964611771976	27.83226224592384	22.76342730523045	14.454190066149899	20.71007000092505
537	11.992867432487644	23.902876387822428	20.54463331112947	27.796362206833603	22.73290940299751	14.42005267026267	20.68637314802736
538	12.02307371116414	23.95282779381393	20.500749948227256	27.744443839158713	22.690593854111338	14.375254984261435	20.652873861803016
539	12.047046879520543	23.97852702559577	20.458167793285106	27.688282403058622	22.632971479029028	14.326782957227994	20.610335450906984
540	12.068243079931046	24.002378393550714	20.419368053711498	27.639978891842794	22.57889774169375	14.278770020995244	20.57981666367824
541	12.084232738428263	24.01785414626643	20.375174566598695	27.582397401206663	22.53158236145774	14.223577012848052	20.53590914988448
542	12.093378267831286	24.04156511834431	20.33933915265634	27.520605115226143	22.493560423921462	14.17787895451908	20.49632377193932
543	12.098705712447128	24.036899599727366	20.296975816845045	27.444187021881877	22.444989975490277	14.125987517391914	20.45185671913999
544	12.102102136570485	24.025400224684223	20.25227650355086	27.36031520349315	22.39573515282934	14.066893566839017	20.397034886039282
545	12.104792264690328	24.000731078235493	20.20558152315345	27.280493957323724	22.344661991733236	14.013845781975027	20.34692032142667
546	12.105336954001784	23.96782492630404	20.1528138033714	27.193096598116586	22.286609287653683	13.94849588869523	20.297502154071218
547	12.104666094560692	23.932060102385993	20.104745940323724	27.104963668354667	22.230614952371557	13.888100676365903	20.247959149835353
548	12.104692195581961	23.8856419164155	20.058059652802235	27.02970521049899	22.179765603729813	13.836080224557984	20.20903398689835
549	12.102572862934496	23.841396567433286	20.022263160783663	26.96122534881413	22.144865492826547	13.79307501085773	20.179817436910724
550	12.0991173006874	23.785463630945237	19.99218072658056	26.887889256151702	22.099999480647863	13.740725553407922	20.149560206980833
551	12.089012544589442	23.721326853735647	19.975097821241796	26.818543618816445	22.064228714566507	13.68875502807857	20.12519847165229
552	12.070350618708222	23.642012380804292	19.950223812845135	26.734758825112173	22.01892022548578	13.627214019324448	20.092465388109446
553	12.040620808703828	23.532216087095115	19.902965749008434	26.61598316365501	21.958766158506798	13.55194037808566	20.042764828557907
554	12.001216728300419	23.406711357763307	19.855358959196487	26.473739054374455	21.883748728211387	13.47277044060321	19.99290289769149
555	11.954106935680485	23.247389478177453	19.800914082613037	26.3070337582464	21.788092051326345	13.375209116987001	19.92692537949398
556	11.89664806992908	23.079034727712827	19.742597912859367	26.128046677519205	21.686003491570972	13.267506916452893	19.854157982794465
557	11.831696046345645	22.897898967357467	19.68524456045876	25.933369679611133	21.57917450639076	13.158422513118413	19.78866252611428
558	11.758824232739236	22.69637247600128	19.628493805676687	25.71856595646913	21.46439746746037	13.03928165886906	19.718085542491238
559	11.677446274773443	22.482724843738673	19.575433576667795	25.48776749093451	21.341832120923158	12.910928455244008	19.641730457816966
560	11.58674652603912	22.247551592285692	19.51564756601189	25.251987414997853	21.222328493389625	12.775178125426374	19.559274019691024
561	11.487473929841002	22.009523729753163	19.4589736286834	24.998606568100808	21.096149417890835	12.625007046559487	19.475218009492494
562	11.381008465141212	21.75809276896791	19.398553481462415	24.738636246806866	20.955279408987714	12.465893306881602	19.39108203444356
563	11.265467245178119	21.494517717370595	19.340679478098316	24.466846189156094	20.81638590878307	12.304023078286601	19.29908343988947
564	11.145207259092231	21.21935174939257	19.273921127170663	24.174159422526074	20.665543697906	12.131946056701656	19.196847462898326
565	11.019278885928419	20.930863904458356	19.204497004371834	23.86966956004708	20.503539799616323	11.954057072635324	19.092177890818462
566	10.888330186598521	20.637912737397972	19.141278809604263	23.556199798824142	20.342801740891975	11.763832841846684	18.98520619270911
567	10.753472941543906	20.33894266677509	19.080485098174652	23.232266814309867	20.16756283348022	11.56937685071917	18.867334192913457
568	10.614538228198601	20.03217042772145	19.018127816322796	22.89972769237914	19.984712401511374	11.370314057215786	18.74264558827073
569	10.472221876106445	19.709628685351827	18.960335822429414	22.545719774652635	19.78670866241841	11.165537021461281	18.60965017411452
570	10.326896066591114	19.379324840382665	18.90128134400795	22.177596319290302	19.583255569167207	10.958777966619884	18.465719384525137
571	10.17846563970848	19.044660795824132	18.846101352284588	21.801018682794165	19.367468784541877	10.752290742056259	18.312601133016663
572	10.026990810206591	18.697356042187184	18.788194117306436	21.402063348330927	19.1373627986474	10.539717231028508	18.141666204986922
573	9.87504597109157	18.344680296872824	18.732837141332872	20.98447560740246	18.892722495662174	10.323923495166161	17.961497925049628
574	9.723270777002988	17.975861212106434	18.662437085469	20.551623789258215	18.628074581406533	10.106972718664801	17.76082272616936
575	9.569206906700309	17.607102445248646	18.591922586096313	20.108685184735275	18.356383126444126	9.889417193518103	17.537668758281402
576	9.415046271911214	17.23444564012851	18.506082553669657	19.655022200036214	18.06669334752586	9.66799935938677	17.296795625544053
577	9.25815742765114	16.86125602646815	18.410462001349597	19.19633591134161	17.76647195342983	9.443370435453682	17.047429445042443
578	9.09957855348653	16.49167165009155	18.31021432754187	18.741021112314012	17.455976030204432	9.218780859050373	16.779228715404617
579	8.938369007399851	16.122418061057925	18.20119157897293	18.279716590684625	17.134473627271564	8.998779352440183	16.495977187965767
580	8.773309267407946	15.737679331547648	18.072349486497984	17.812252041908163	16.796158960262503	8.771950591075969	16.18923182797769
581	8.604855062685111	15.348605964044626	17.931404722116426	17.340456980230357	16.444265120276	8.539811251473774	15.863733969404423
582	8.432947301161729	14.963418178241188	17.772844951325464	16.876185182358665	16.088992278033324	8.306161604132129	15.52351383395153
583	8.255610027436314	14.576177041336205	17.598540249014	16.412082259141425	15.723375832938492	8.070799822603028	15.163286197491233
584	8.074435019018383	14.186653808142049	17.408162392864792	15.947350207641602	15.34822139574569	7.8286586515843295	14.788438134300208
585	7.8885624842961555	13.793438762410378	17.20358013303536	15.482407375559537	14.967215471349892	7.585392920329883	14.398568252628975
586	7.6996827861448045	13.409324025132959	16.98612473322406	15.024334084288832	14.583114623449752	7.343826003126285	13.997430829036496
587	7.507037196170607	13.026139718950075	16.767478374647	14.572541809090033	14.194280848064485	7.103175772514182	13.590263674682488
588	7.313752591306727	12.641170485054863	16.53442656517863	14.12080209363269	13.807848067945931	6.862263842696175	13.17979722998152
589	7.117494859986527	12.251965595469626	16.29015207519419	13.671610538445115	13.416304555568459	6.621158625258996	12.760966416797286
590	6.920102538832232	11.862090871933596	16.041777170103995	13.228427238892	13.020087593533898	6.384267582665153	12.335734684145214
591	6.72308798772886	11.471517727177774	15.780590729359051	12.784297998390844	12.62386668201844	6.147744693041842	11.906153562967727
592	6.5268158622421995	11.082468133399193	15.511889572751164	12.346430894121058	12.222628213147605	5.9126889727945136	11.474356625750517
593	6.332769349716014	10.703469737823072	15.235902613427927	11.914766800055265	11.824627246272627	5.683782185729014	11.042713999280089
594	6.1399061480838295	10.33353468872633	14.951491096464478	11.488623623150646	11.42987265038041	5.458450139765277	10.617155554298654
595	5.95035418263231	9.972266074204049	14.657772268913446	11.067844859604369	11.038199658921702	5.239138374150034	10.192765207267296
596	5.763594144706955	9.6161462853519	14.354718724277513	10.653679669888028	10.649300147048223	5.022747819054909	9.775077304212774
597	5.579844080493752	9.26668514749815	14.04574638401522	10.247510251030246	10.265403973800526	4.813425474317098	9.364514821670431
598	5.399793167718341	8.925290443678856	13.72749724709327	9.853737402414007	9.890371185408219	4.612432788209721	8.966558400736155
599	5.222715523388946	8.589024313728666	13.40396906150655	9.471149030838001	9.518735950809221	4.417250056167677	8.580775424738386
600	5.04894211659755	8.259179192516308	13.06451991543235	9.095385006672737	9.151266699623859	4.225860718437141	8.203971777640197
601	4.877337949948418	7.93547826080722	12.717961105502614	8.726627094909988	8.787076624881427	4.038717353768128	7.833984321360238
602	4.709026366578746	7.621569637682145	12.371156045681426	8.369755995100563	8.431664293962285	3.8578930921613437	7.4775447562787285
603	4.54315924051085	7.316409525203928	12.01553543166847	8.018051669214671	8.083991822507524	3.6814784898048845	7.132345806333684
604	4.38105350689113	7.0190210346255375	11.660562124932019	7.673706223679062	7.742927744609426	3.5106222569325496	6.797029031930695
605	4.221221511817154	6.72803457705855	11.300032080975825	7.3356098657009605	7.4097734579331815	3.3440676318238807	6.471534297776763
606	4.06383371404064	6.442192268712815	10.937118224497718	7.008388785849326	7.08530693385769	3.1833992961734436	6.157707812392665
607	3.9084300345199923	6.162571358375143	10.572221385367225	6.690958506417252	6.7699475271092435	3.0301994143917117	5.855538017118226
608	3.755426604658727	5.8865884720919475	10.205554463419782	6.383952824286335	6.463338991270329	2.881802562828259	5.567427493783352
609	3.604207991457957	5.617146760041933	9.838388728705342	6.086366547012374	6.166447646295497	2.7391769090574027	5.290297187678497
610	3.4558675046895666	5.355064551275701	9.471688181316862	5.7982156478373605	5.879252333812075	2.6030349759387827	5.022950901115223
611	3.31008970796523	5.100145039350817	9.10624865779884	5.517154840492653	5.59925763862214	2.470231088474919	4.76648060609454
612	3.167527175169113	4.8526455906124415	8.74193226423855	5.243478756765877	5.328506111692722	2.3426595249940223	4.517819132076602
613	3.0281618306954274	4.613058955032726	8.382260769272925	4.978709590040682	5.066919073565854	2.219980742253703	4.27969965495356
614	2.892364609444406	4.383043399177363	8.028820260380984	4.724383890919211	4.814259497472387	2.10277726023799	4.0530927171770115
615	2.760444047116805	4.16228033555429	7.680734116120584	4.480045794813594	4.572304902259	1.9914442426005032	3.8369193089475666
616	2.632244686234596	3.9495406643245463	7.338344387773963	4.245104961793308	4.3399923901924495	1.8849899678468174	3.6292888393695333
617	2.507496363450239	3.744664663340687	7.000943715424762	4.0218851762971	4.116204817632998	1.7833104057800993	3.4305857386207754
618	2.3863412543241624	3.5474860361642806	6.670554352069606	3.809326668875481	3.9023555780975663	1.686120797387439	3.2422200508628727
619	2.269078376103297	3.3588357427261792	6.350167087582559	3.606230483030472	3.6974879739229807	1.5934938095530713	3.0639274857512233
620	2.1556246918492046	3.1766817412982817	6.03673306605421	3.4105464092143323	3.499790185598286	1.5034414189219172	2.892081960717934
621	2.0458137040229474	3.0019263727229086	5.732892865063444	3.2222741544492473	3.3101724517013214	1.4172498738525248	2.7264537669758386
622	1.9401711536752484	2.8348746319430016	5.438070121603241	3.041943760383502	3.1269681316238414	1.3348276376027648	2.568264106904259
623	1.8387142502067233	2.6745766387624794	5.152411195572397	2.868793644339103	2.951569112005275	1.2553170237780877	2.4172489210458195
624	1.741380365566511	2.5224458119341655	4.8774765833342	2.704948319115967	2.784472931122144	1.1805157524589305	2.2743779095114154
625	1.6478286168491563	2.377260125938948	4.612692984686401	2.548442188721001	2.62487690140884	1.1091258504807175	2.138544353042566
626	1.5581154442343264	2.238811960457636	4.358518619962317	2.400100287335915	2.4726011128334915	1.0415495007397797	2.009815033314226
627	1.472274405601898	2.106982823214748	4.113819596717718	2.2586296983953433	2.3283030357389505	0.9773427550569513	1.8878197814745599
628	1.390028249024188	1.980565261018435	3.8784449512613564	2.1236729080637966	2.1904903334977224	0.9163729663959395	1.771607954195753
629	1.3114180241306521	1.8594213754199025	3.6527502909162064	1.9948635078690022	2.059339743080147	0.8583420500154024	1.6610439490325346
630	1.2364509101010128	1.7436798196652423	3.437366822592869	1.8721543769789846	1.935173324858377	0.8034157829364831	1.5565872742267106
631	1.1650816672859248	1.633877711682604	3.2315804595363726	1.7554148114898287	1.8172690643568599	0.7519475464542227	1.4576266609623998
632	1.0972433506979329	1.5297328091556195	3.034668014030267	1.6440048088729573	1.7056110510415532	0.7031930181916537	1.3633158073878064
633	1.032766489217536	1.4318295452121044	2.84735177094405	1.538795886621759	1.6001443051844209	0.657606215722777	1.2745991125280902
634	0.971537370255357	1.3397769005330558	2.669522244585728	1.4397881578232072	1.5002792572799442	0.6148151966402718	1.1913321045349938
635	0.9135013163064605	1.2531669310665072	2.50081661379062	1.3461349748266251	1.4063134983504963	0.5743720253135026	1.1129550522671283
636	0.8583757545759226	1.1719519550619226	2.3407924934183093	1.2579770363424512	1.317179595828319	0.5365259984661055	1.039304056180234
637	0.806102915682531	1.0952815369610835	2.188667957661919	1.1747843912844254	1.232621749392896	0.5007561821190015	0.9693183534934664
638	0.7566816661963147	1.0230267024832358	2.04517338111938	1.0967669307219197	1.1527787171207176	0.4672788230454005	0.9037778804425304
639	0.7098594543959571	0.9546514694412733	1.9094238959011338	1.0229992767812224	1.0775278611697476	0.435709968806376	0.8418480124486389
640	0.6655565735657138	0.8902712774232215	1.7809927512357884	0.953745336548171	1.006524794808142	0.4063096723921689	0.7835474413510107
641	0.6236459442078128	0.8295865630574898	1.6601733965281564	0.8888582897470968	0.9397967448396107	0.3784792834008598	0.7291121705458861
642	0.584088352133989	0.7729895795332237	1.5471797925093413	0.8282884684422073	0.8773194439209997	0.3526294640705655	0.6784735720718942
643	0.5467304494693637	0.7200569078100505	1.441079682967311	0.7715763885603608	0.8184243352899261	0.32828518764509707	0.6309067293767
644	0.5114585369688901	0.670366273108353	1.3413921901884722	0.7181464609360839	0.7630369448294351	0.30535269792067254	0.5862125144325186
645	0.4782654599793901	0.6238953616176383	1.2476951077163168	0.668264586478012	0.7109308681861638	0.2838052772328178	0.5445053902646758
646	0.44694636799866494	0.5804510261009712	1.1599181397211435	0.6216664658788376	0.6619828660535068	0.2637616463105581	0.5057210252411576
647	0.41754781194787843	0.5398330917279484	1.077706789728633	0.5778329185485709	0.6158876198088545	0.2449675149714286	0.46952340322763847
648	0.38989832161117893	0.5018588962431108	1.000971527660139	0.5368986908946728	0.5726962378806565	0.22754197566778742	0.4357936477749813
649	0.36386842846844825	0.46636848193289726	0.9297582895886702	0.49885012436186027	0.5325843502470443	0.21136202094888254	0.4045087513423271
650	0.3394134422533568	0.4332032369070235	0.8635603747737401	0.46339606918179677	0.4950694063695172	0.1962517749994419	0.3755662294496972
651	0.3165133941157384	0.4021616363360175	0.8018195602502238	0.4302436509666297	0.46012606650726795	0.18223546703354002	0.348647328232341
652	0.2950427996677586	0.3732533570253553	0.7443605448204985	0.39936400811654965	0.42752371835417524	0.16920358610920283	0.32362663869305636
653	0.27495782960833287	0.3462415893446073	0.6909028243023573	0.3705737171559836	0.3970724839519403	0.15701155745630804	0.3004019768090478
654	0.2561929252023409	0.320973923037102	0.64099685458118	0.3436664300492323	0.3686236080813617	0.14575236401963126	0.27868030943558375
655	0.23870587880934194	0.2975051866327267	0.5945262789888965	0.3186684918073578	0.3420580656729644	0.1353110813265444	0.25849523473076913
656	0.22239041365783646	0.27578960736155117	0.5512770995778888	0.2953597055314552	0.317274561012314	0.125655268141988	0.23977381202574954
657	0.20716119204834454	0.25566394959844974	0.5113204554689756	0.27381044667868604	0.2942002076398477	0.11671788307082481	0.22245586251164962
658	0.19293406626657272	0.23704364392273305	0.4740662503509622	0.253774252491701	0.2726818153228107	0.10847848663062175	0.2064276745305644
659	0.17970604214603386	0.21979103023757765	0.4394721507171461	0.23519993950970067	0.25273471937437386	0.10081917323075318	0.19153589316853648
660	0.1673788191396921	0.20378167602394487	0.40735754955014414	0.21795810025091797	0.23434671217324324	0.09375155961541262	0.1776895897489382
661	0.15587933280897617	0.18885141733929867	0.37737679372245103	0.20198945918312092	0.21726635741474973	0.0871408800887309	0.16485075523794243
662	0.1451727134079248	0.17496078313345878	0.3495113772097605	0.1870681207286003	0.20139367962501725	0.0809617216994347	0.15281219417314493
663	0.13521990058747257	0.16204054941609672	0.3235572717009169	0.17326867547834193	0.18669976184290313	0.07526650193469729	0.14167866756119057
664	0.12596200265803398	0.15004907536759637	0.2994656192240052	0.16053373840419427	0.1730584007937074	0.06997880903561701	0.13139866050709054
665	0.11733944591141691	0.13894528789596738	0.2771510052259527	0.14876245468460897	0.1604412897903807	0.06507336526949688	0.12189031986500914
666	0.10928201117797386	0.12867094501966272	0.25648396494728	0.13784952001551906	0.14872772341570537	0.06053475448631301	0.1130812693392119
667	0.10176929804628894	0.11922246920851658	0.23736972490712854	0.12773844131562992	0.13785115327402067	0.05631566304218981	0.10492065446686781
668	0.09475545280130412	0.11046425847475766	0.2196102817209182	0.11833271211580729	0.1277074176943984	0.052370665019529535	0.09732271218419745
669	0.08820341338470278	0.10235566502681478	0.20316318601338285	0.10966732061784185	0.11830730686256866	0.048690486679708	0.09031429616296434
670	0.08211667809886897	0.09486458280244581	0.18794297153034648	0.10167411709311418	0.10960424790506496	0.04527783415956194	0.08381942354942627
671	0.07644708893146208	0.08793255379739301	0.17388129995833645	0.09427765163902975	0.10156278784867406	0.042105112229498046	0.07783735054157498
672	0.07115016804570573	0.08146405978347707	0.16087547640600622	0.0874193937708444	0.09411092889654615	0.03914260041356403	0.07226462333261588
673	0.06621042071888349	0.07546086188063317	0.14883365582375815	0.08106958486906371	0.08717943928929102	0.03638996234062963	0.06709001254364536
674	0.06160865047789109	0.06990057659598649	0.13772574465151116	0.07514617535614117	0.08074946985939117	0.03382851332272605	0.06227709048933538
675	0.05732883344967989	0.06474481199289683	0.12741938560073893	0.06966295516013012	0.07476459505916797	0.03147152191547814	0.057845667155102906
676	0.05333849539735996	0.05995573549100053	0.11786462802751442	0.06454780342263801	0.06920666037090245	0.029260315451976195	0.05370069774224333
677	0.04961798524381288	0.05552454488551219	0.10903280035906573	0.05979358234852027	0.06405725587491824	0.027196938760099272	0.04984147799600503
678	0.04616344056864	0.05142258229550409	0.10086726579415535	0.0553981548719015	0.05928828089757185	0.025304107346586904	0.04627944752277626
679	0.042965430932765745	0.04762701129553198	0.09331716388949565	0.051322014036127864	0.05488469240954836	0.02354542549559661	0.042963260218927955
680	0.039991201060297785	0.044112074513761826	0.0863436340960919	0.047551670934073115	0.05081144302172249	0.021906294456964136	0.03989269404484315
681	0.037225211167466035	0.04086787172330774	0.07991422953733099	0.04405998669240517	0.047057377051326676	0.020387475892641414	0.03705280900426933
682	0.03465953362884259	0.03786426415801205	0.07396583178871187	0.04082424830176533	0.04358745606923002	0.018982143382178962	0.03440617263007326
683	0.03227699268403875	0.03510055265971525	0.06845215886339327	0.03781776054044247	0.040388069064881536	0.017684618811902968	0.031959022160787526
684	0.030062840263242494	0.032546803046452646	0.06337079549104854	0.03504421281013273	0.037431694720387036	0.01648639413291799	0.02968172264838867
685	0.02800435135318628	0.03018231774124874	0.05865857930078822	0.032466952542819845	0.034682886601477086	0.015370808782515694	0.027574615632910908
686	0.026092486402348746	0.027988446205324136	0.054305430513808386	0.030090350275589192	0.03213782506616206	0.014327500416808856	0.025618569320133937
687	0.024321396078613697	0.025975002404862817	0.05029025107584406	0.027914711125456168	0.02979186709146739	0.013367763946861112	0.023814695161473262
688	0.02267380710506412	0.024103854470659478	0.0465767472596317	0.025902110754337206	0.02762418806368726	0.012471562647694837	0.022140884826764476
689	0.021145599475192754	0.02237585235247125	0.04314505375493088	0.024043382678217953	0.025614774818792874	0.011642658318698665	0.020594556967500777
690	0.019725533338191478	0.020777009580473894	0.03997119695252992	0.022329616836866593	0.02375895883963749	0.010876209250615864	0.019162188794934205
691	0.0184030291304167	0.019298287877923728	0.037038505761637947	0.02074010811020068	0.022046607062485363	0.010155510888940471	0.017832739926874418
692	0.017167934799640773	0.017923490701777876	0.034325091010222845	0.019277558383777715	0.02045905714213793	0.009481131074504141	0.016599297061709123
693	0.016019128992358418	0.016654501845966074	0.0318173306753149	0.017920408296030484	0.018992757943100933	0.008854231946154404	0.015450903456304024
694	0.014949390283605585	0.015474135880044794	0.02948928906017889	0.016665517823447308	0.017638404362675216	0.008271205163503735	0.014382612464374098
695	0.013952970872864295	0.014379818932171178	0.027339080779658156	0.015498024183144941	0.016384238268040665	0.00772807307082324	0.01339009725404954
696	0.013019360056608203	0.013361058814485866	0.025344495438433843	0.014412081550646499	0.015215741169871932	0.007219362526747887	0.012461674014374806
697	0.012148166576253018	0.012414070444715864	0.023497524235466184	0.013398676787367034	0.014133315477173553	0.00674247214173625	0.011600027138803794
698	0.011335111651955686	0.011540379539446878	0.02179787231601713	0.012466134210751835	0.013134059629147148	0.006299946722774034	0.010799772424361895
699	0.010577564209860401	0.010731137794046726	0.02022521281772701	0.011593779357963904	0.012210689743463428	0.005887166538097707	0.01005551820933885
700	0.009870851105972408	0.009973056951945662	0.018764115283960138	0.010778783533755776	0.01135423691019437	0.005498902364790443	0.009359142155130187
701	0.009212309978706696	0.009271036904431837	0.017417137342704947	0.010025610973401008	0.010565597191994366	0.005137724250938983	0.00871558383596789
702	0.008597632293082838	0.008618231427923225	0.016170803300990275	0.009324967919131016	0.009838317512042071	0.004798713427335532	0.008113056046818652
703	0.008023801997615971	0.008012445239278942	0.015019254133605109	0.008671624414539728	0.009164424830513374	0.004481269307070456	0.007552334116872733
704	0.007489234472248692	0.007448002739557913	0.013950453144561857	0.008061029223609335	0.008535228055306614	0.004185753220769052	0.007024735820110568
705	0.006992002547609349	0.006925301911229831	0.012959773795508013	0.007491366744309658	0.007949984766990813	0.003910999190033949	0.0065322977864187915
706	0.006530404774359791	0.006441719637728991	0.012042248001971408	0.006966355959511586	0.0074081742442348815	0.0036566009455633007	0.006077074245967934
707	0.006101028934866749	0.00599422528872869	0.011192070176394326	0.006477843126770017	0.006905310594650987	0.0034193306630528196	0.0056555927311998455
708	0.005700939008271038	0.0055789833797407935	0.010400161326412508	0.006025116480825352	0.006437439943983857	0.003197871670112178	0.0052634157879469234
709	0.00533012561254393	0.0051925335889380225	0.00966613430325755	0.005606950705665124	0.0060048352430772	0.002990205797590776	0.004900854458358821
710	0.004984758113961563	0.004835384462766659	0.008986081148200006	0.005220009704760794	0.0056024787692198815	0.002797058717237134	0.004564238453409799
711	0.004663299992806907	0.004503436949658711	0.00835515260945422	0.004861178775028973	0.005228547752570051	0.002617067261916639	0.004250882100016334
712	0.004364118753305508	0.004196558566339693	0.007770704520211505	0.004531412142999135	0.004880143802102112	0.0024503949287929755	0.003960308495398744
713	0.004085068825435964	0.003913404117484126	0.007227979835479834	0.004225898184546127	0.004555731430997003	0.0022950206004361674	0.003692511667397741
714	0.0038245034147722594	0.003650951206233305	0.006723630091641786	0.0039417427995805	0.00425266138219831	0.0021501842186068573	0.0034426268121533926
715	0.003581273796503175	0.0034074165529368317	0.006255165513268797	0.0036786348873911324	0.003969396379042428	0.00201522800080553	0.003212038093307657
716	0.0033537996877559075	0.003180542016130395	0.005819836611454491	0.0034350059798935184	0.003704865714233997	0.001888740070211864	0.002997049228335975
717	0.0031412147056978364	0.0029697335457888885	0.0054156708897318195	0.003209920188395547	0.0034589354608645113	0.0017703591586885627	0.0027982107193085964
718	0.00294240208803264	0.002773197501022599	0.005040310827906262	0.003000443843166218	0.003230165315625279	0.0016591813825796381	0.002613669834277736
719	0.0027557795180565537	0.002588877990238787	0.00469079458384028	0.0028038876820425883	0.003015968232820706	0.001554246867010294	0.002440762117911263
720	0.002580871301994533	0.0024163068297285714	0.004366638817354628	0.0026207906420856156	0.0028154646717340353	0.00145583799155385	0.0022789338148846224
721	0.002417215993832097	0.002255652371022928	0.004066746744507143	0.0024511575652930774	0.0026289757852738546	0.0013641101047115582	0.0021292572188896766
722	0.002263881071551404	0.002107072040703227	0.003788383762647078	0.002293209850985638	0.002455339865502578	0.0012790791132884086	0.001990030087383477
723	0.002120367690297291	0.0019678080315363097	0.0035291312225296753	0.0021451084076416923	0.002293349544477413	0.0011989825868327028	0.0018590670426488116
724	0.0019859151798032014	0.0018376946767624846	0.0032887195424867377	0.002006211217245954	0.002142446348199482	0.0011237687922736929	0.0017372381256776756
725	0.001859774715169287	0.0017159200883433718	0.0030640740083169482	0.0018755693331918082	0.0020015918908436155	0.001052870514165376	0.0016232481648325602
726	0.0017417281579890432	0.0016028564251610276	0.002856402431194438	0.0017539482192955919	0.0018705738484045005	0.0009868555052444097	0.0015169890677213943
727	0.0016314499712810685	0.0014969147550971179	0.002662636235270512	0.0016396696748350742	0.0017476206858783622	0.0009246188189662299	0.0014171792107985223
728	0.001528438256692358	0.0013986409457651316	0.002483477089016616	0.0015331390762464523	0.0016336192490997042	0.0008668476827978213	0.0013240533355771932
729	0.0014321018820351627	0.0013072917757632663	0.002316713443401395	0.0014329222437998235	0.0015274188933651657	0.0008131358165615287	0.0012373303150579333
730	0.0013419224306249072	0.0012219582431129352	0.002160837490238186	0.0013388820910278127	0.0014283003926661526	0.0007628494264083527	0.0011561580828065852
731	0.0012576887603223353	0.0011425528724778955	0.002016006258246561	0.0012514858338755661	0.0013360221026868081	0.0007162436842935838	0.0010808779279247798
732	0.001179231009366685	0.0010684775377430317	0.0018813374889271068	0.0011698115143386706	0.0012499094646048745	0.0006727516120281602	0.0010110093136549347
733	0.0011061956348589615	0.0009993811131548524	0.0017559255578166331	0.001094115828998579	0.0011700131451866647	0.0006325958868458469	0.0009461189597355793
734	0.0010379325384711094	0.0009347209171275907	0.0016392092774615515	0.0010233100946163553	0.0010953945255031863	0.0005950822444367727	0.0008855951336154155
735	0.0009741921152800043	0.0008739718506755155	0.00153060330415894	0.0009570293791531119	0.0010256280377186377	0.0005599979758419572	0.0008291945588127749
736	0.0009147235321202435	0.0008173173302063675	0.0014297401838253684	0.0008957205896926661	0.0009605013911827848	0.000527433461158112	0.0007771290113880505
737	0.000859258217097408	0.0007645291085099167	0.0013352672528441733	0.0008386309442223647	0.0008994701853199438	0.0004969950809169446	0.0007284498950727197
738	0.0008074530232225632	0.0007154445818692856	0.0012471168039765719	0.0007853866005199025	0.0008426821903711971	0.000468635993106755	0.0006831783220894975
739	0.0007589327134334563	0.0006694130656103457	0.0011643812760357892	0.0007353985996035265	0.0007893083743438992	0.0004419808575582496	0.0006407417107734719
740	0.0007135725259886659	0.0006270195430556976	0.0010876738866408054	0.0006892304504205214	0.0007398024671604009	0.000417396286870271	0.0006014647875576498
741	0.0006711244611821345	0.0005878344079339053	0.001015957145677326	0.0006463150748491529	0.0006938233944442231	0.00039437819041160724	0.0005652878914113263
742	0.0006315038249734919	0.0005513488148544319	0.0009492056753212392	0.0006065070197924261	0.0006507314437891964	0.00037279558317587655	0.0005313009528309127
743	0.0005943449401701754	0.0005172484688755166	0.0008869012117556527	0.0005693287301145631	0.0006103215958255624	0.0003523426859526318	0.0004994674804897273
744	0.0005594520441089157	0.0004855312642612087	0.0008291553124821239	0.0005344837497036403	0.0005724660141000708	0.0003330485980521063	0.0004696377113864859
745	0.0005265428216496429	0.00045588718259682783	0.0007751074470948915	0.0005021246289059536	0.0005371322405559443	0.00031486553794878464	0.0004418071344475183
746	0.0004955300838752941	0.0004282290697086916	0.0007249738906944071	0.0004717425692194473	0.00050404083843858	0.000297594102918401	0.0004157633002584242
747	0.00046636646949098847	0.00040216825371911375	0.0006780797653691254	0.0004432879023869359	0.00047308797370602723	0.0002813030306243981	0.0003913328935002014
748	0.00043887672157485536	0.0003777273378955547	0.0006344824229398977	0.0004166609114256039	0.0004441462753871375	0.0002659374566305602	0.00036835560958847996
749	0.0004129572898852371	0.00035451707814005995	0.0005935768463144873	0.00039152172351341236	0.00041713976005645204	0.0002513046412265332	0.0003466316388602105
750	0.000388533157617679	0.00033270610973439393	0.0005555054295722839	0.0003679746621662495	0.0003917589873305847	0.00023745234935520026	0.0003262145682198371
751	0.00036548932087913553	0.00031224530742484405	0.0005201940618593931	0.0003459427066981797	0.00036804638560276686	0.00022431815216804064	0.00030709092766365405
752	0.000343821740624648	0.00029309787758875045	0.00048744680277883933	0.00032532913381270166	0.00034581403969285497	0.0002119101969327437	0.0002890724535459726
753	0.00032330966654367977	0.0002749958781270423	0.00045675903856027335	0.00030580756329447623	0.000324934252139042	0.00020006205327365668	0.000272096675138733
754	0.000303937543106892	0.0002579649110759102	0.00042801325907460106	0.0002872641659160012	0.00030511240210664753	0.00018871676500833214	0.0002558540693113789
755	0.00028568830867705774	0.00024206471248442837	0.0004011487843086588	0.00026988700225256355	0.000286533231607457	0.0001780519117709888	0.00024067059744298946
756	0.00026855427507981174	0.00022735691874633385	0.00037614816042350096	0.0002536640157646561	0.0002692516695685451	0.00016807857911240256	0.0002265252440972557
757	0.00025249083490448866	0.0002135953712520476	0.00035268002548240993	0.00023835316938696608	0.00025305598512984903	0.00015868513961275714	0.00021320366666618203
758	0.0002373978349484163	0.000200814481487601	0.0003309026934660136	0.0002239576408439139	0.0002379087876911389	0.00014986949521619272	0.00020061056567793745
759	0.00022322986273330483	0.00018882981089559346	0.000310444775648442	0.00021043743406741556	0.00022368008871190246	0.00014155117193295956	0.0001887179812726017
760	0.0002099612849888619	0.00017756712117223333	0.0002912286394072428	0.0001976712665066832	0.00021026032344172103	0.00013366681564776155	0.00017748022452178993
761	0.0001975267322066221	0.0001669663638030191	0.00027314681501454586	0.0001856654500791364	0.00019766810010676648	0.00012615182644666264	0.00016682979883493086
762	0.0001858909120302153	0.00015707918552683323	0.00025625816425886165	0.0001744483264593258	0.00018585673526015802	0.00011914462446740438	0.00015684306408628369
763	0.0001750058194661663	0.00014777127789114322	0.0002404875033722847	0.0001639509661944568	0.000174834754456336	0.00011256499175795927	0.0001474952296477427
764	0.000164845684118038	0.00013898323742443997	0.0002256949952541359	0.0001541203004765091	0.00016443012018847256	0.00010643277035427211	0.000138721708203316
765	0.0001553349083677585	0.00013071044033690282	0.00021183514221547747	0.0001449306747241901	0.00015474811002903614	0.00010068573855599683	0.00013054358047328638
766	0.00014648877621669109	0.00012295931141141465	0.00019887043262009394	0.00013637954336607333	0.00014564364392160404	0.00009530200309630096	0.0001228650482239344
767	0.0001382232816505848	0.00011562076319685167	0.00018670846551205092	0.0001284416875702709	0.00013711950725230188	0.00009026361760060144	0.0001156563135129357
768	0.0001304898301585049	0.00010877774113835755	0.0001752975145135687	0.00012098556707386862	0.00012916504614512395	0.0000854758387743639	0.00010893063059843128
769	0.00012322546209126383	0.00010235124083292757	0.0001646369779059504	0.00011396160055044611	0.00012164282278447297	0.00008092777335671092	0.00010257542858044086
770	0.00011639829632444242	0.00009632412585170267	0.00015457186266564022	0.00010739501376381554	0.00011458055248893887	0.0000765863619361738	0.00009657225221320058
771	0.00011000154378289535	0.00009068377212989486	0.00014511520832812132	0.00010123519857205198	0.00010794066151040235	0.00007248250069774656	0.00009093689216261483
772	0.00010397662875687913	0.00008545249873703467	0.00013630373401049784	0.00009545288587124688	0.00010172810331708198	0.00006862421115522781	0.00008569378790383371
773	0.00009829455212776421	0.00008058526264028542	0.00012805812855511402	0.0000900676158638511	0.00009589351253033112	0.0000649767173577378	0.00008076494790343419
774	0.00009293224419831384	0.00007604983234238924	0.00012034667743419033	0.00008500756344453034	0.00009038356994328941	0.00006157635283845747	0.00007619107183588293
775	0.00008787195532921018	0.00007180158312037788	0.00011313997255941213	0.00008025005409235969	0.00008520079739411501	0.000058344869948700136	0.00007190004460868515
776	0.00008307881799042182	0.00006778753578238113	0.00010634905516641773	0.00007576494668704282	0.00008030449660434883	0.000055280708273038674	0.00006785360289784957
777	0.00007852692650125554	0.00006399827480235637	0.00009998323948394649	0.00007151763200012708	0.0000756971775660503	0.00005233793235347797	0.00006402830517990326
778	0.00007422421657876131	0.00006041227165601026	0.000094002694100473	0.00006754310888437886	0.00007134673507365528	0.00004954076156845989	0.00006041557253147095
779	0.00007013176434349577	0.00005700774732362579	0.0000883817136911151	0.0000637623030548784	0.00006725329461415093	0.000046859334300878897	0.00005700028211590444
780	0.00006626669240847212	0.00005381305464004996	0.00008312929812557877	0.00006020215102037999	0.00006342069735646803	0.00004431593452991116	0.00005379144675537266
781	0.00006259827133189883	0.00005075281288334059	0.00007819041089505962	0.00005683909073139679	0.00005979497207517066	0.00004190766619479723	0.00005076850332654148
782	0.000059129121498415694	0.00004786393620479495	0.00007355032805991177	0.000053669847909926086	0.00005639989197839061	0.000039658144320038964	0.00004794698045205226
783	0.00005584871802384695	0.000045154531941834393	0.00006927013898055198	0.0000507105923724057	0.00005321410462349611	0.00003756769839261636	0.000045334456033897985
784	0.000052742049534387684	0.000042586415210205074	0.00006521697519729714	0.00004789897348318567	0.00005018333177720009	0.00003557813543287927	0.000042847780690793714
785	0.000049811474986289675	0.000040158494067859044	0.00006140415695753762	0.00004525641442263197	0.00004733085897225378	0.000033708590989163975	0.00004050143067408211
786	0.0000470329174434077	0.00003787290157367755	0.00005781896676735361	0.000042751834005317855	0.00004464773894787744	0.00003193740053308809	0.00003828566178980219
787	0.00004441426672175085	0.00003572721566301791	0.000054459237899399455	0.000040384055601100796	0.00004212941740039613	0.0000302625687002931	0.00003618027678932435
788	0.00004194405329859314	0.00003370994418516094	0.000051294835108573244	0.00003813938015392406	0.00003975149014043917	0.000028657563873140793	0.000034184575797979084
789	0.00003961741764448423	0.00003184104461894497	0.000048340125034010965	0.00003601809127282573	0.000037536960774530275	0.000027144030201887235	0.00003231053709751614
790	0.00003742171487556506	0.000030088846660507566	0.000045561736772290035	0.000034036358768147044	0.00003545133701758159	0.000025718557127123047	0.0000305415563611832
791	0.00003535199543055222	0.000028455483438323862	0.000042944029507778505	0.000032137895925228395	0.00003347740602111811	0.000024374588021026965	0.00002889077237335631
792	0.00003341043193635208	0.000026926513627104172	0.00004049596102354374	0.00003036704894608799	0.00003162021578523336	0.000023132921029426457	0.00002733534990545537
793	0.00003159264228153918	0.00002548247530974925	0.00003819913173789586	0.00002869757940621396	0.000029873811162009297	0.00002198529772410544	0.000025880367505100756
794	0.000029885830488511802	0.000024116669629101654	0.000036034136210741106	0.000027124870391128834	0.00002821346908214532	0.00002091015800078707	0.00002449265376002073
795	0.000028283768607693516	0.00002282235690684196	0.00003399147801982749	0.000025640096089889008	0.000026652140062540184	0.00001988973622532276	0.000023189959698758628
796	0.000026775972545683015	0.00002158426511198627	0.000032046785642830195	0.000024234688649544462	0.000025182401648243297	0.000018924764656514513	0.00002194700091808846
797	0.00002535430389672766	0.000020397164879468156	0.000030217970909676508	0.00002291038702655147	0.000023799735121191957	0.00001800187238488538	0.000020767686959013857
798	0.000024018603319040197	0.000019272551697608134	0.00002849490536155945	0.000021653365763096024	0.000022490990297508483	0.00001711814808245665	0.000019651942180162
799	0.00002276393157700856	0.00001819938719715423	0.000026876851927125143	0.000020467638842519543	0.00002125734101596404	0.000016275952157410563	0.00001859656696069443
800	0.000021583305378307497	0.000017197085421225582	0.000025367241918187285	0.000019363693105758094	0.00002010296442001453	0.00001548655335083968	0.000017619956274641164
801	0.000020469534906530626	0.00001625378132068756	0.000023944423907335605	0.00001832812658441996	0.000019011991483933845	0.000014752116102475213	0.00001669521696796537
802	0.000019421127281643124	0.000015363833607683707	0.000022598504913620245	0.000017353671146571554	0.000017972278221072862	0.00001405841427014981	0.00001583032886166308
803	0.000018433365935302454	0.00001452802169071786	0.0000213291842739834	0.000016431391071984914	0.000016995696472046935	0.00001340336036727079	0.000015011407867292216
804	0.00001749807753847889	0.000013743223611725682	0.000020140326639723225	0.000015569860158619163	0.000016077811753256568	0.000012787634247376854	0.000014237700158244109
805	0.000016610068335161096	0.00001300513261861913	0.000019012556937834325	0.000014747957749215947	0.000015211261190758223	0.00001219373807849608	0.000013506141954790088
806	0.00001576607974115184	0.000012319031015730235	0.00001795384443032846	0.000013977094010367003	0.000014394218287076198	0.000011629065548863012	0.000012818949512843598
807	0.000014965942225405533	0.000011680190859190426	0.000016964325949142672	0.000013253211667505582	0.000013634545730404848	0.000011090996309379258	0.000012172951740666198
808	0.000014204343713133367	0.000011076651981262592	0.00001602656078819168	0.000012570751782333534	0.00001290919092004673	0.000010573564147878972	0.00001155103748147977
809	0.000013476625447915057	0.000010510143541872649	0.000015140861442340764	0.000011918083048857745	0.000012222508735331735	0.000010068512317241531	0.00001096549975167886
810	0.000012786945921777843	9.974740907528022e-6	0.000014312236950784261	0.000011300804041526344	0.000011575449837439852	9.590691199945907e-6	0.00001041917441612267
811	0.000012129258494428252	9.465788734038538e-6	0.000013525394616252219	0.00001071807752640466	0.000010960424447029226	9.134258265591114e-6	9.893291979079344e-6
812	0.000011503366868345324	8.986646507477654e-6	0.000012787279614174135	0.000010166561722360375	0.000010379837010305833	8.70193467721076e-6	9.403500200975508e-6
813	0.000010908286822584473	8.529287606833002e-6	0.000012081723800230338	9.641535810049529e-6	9.830480063486948e-6	8.292279289136717e-6	8.93466283892656e-6
814	0.000010342185364319805	8.089715998608156e-6	0.000011418979734780036	9.144254471294025e-6	9.311230462570114e-6	7.901484205842101e-6	8.492319767966259e-6
815	9.8039948800718e-6	7.676030591798874e-6	0.000010802042803403243	8.674992658971816e-6	8.82979872378441e-6	7.534443162288495e-6	8.07382489495084e-6
816	9.289941225371592e-6	7.272701852761674e-6	0.00001021236911219843	8.223807082349729e-6	8.365886743940881e-6	7.176731103628478e-6	7.666586512896243e-6
817	8.800974797732648e-6	6.8883324317358135e-6	9.656424090627557e-6	7.796150831546796e-6	7.928417263910672e-6	6.833058314421893e-6	7.279345606036183e-6
818	8.33543713446963e-6	6.523758011305691e-6	9.133297053422195e-6	7.3935403307269194e-6	7.511514336766077e-6	6.50329810445081e-6	6.909770701386402e-6
819	7.895649685561549e-6	6.174917685710767e-6	8.637156514029175e-6	7.008851406216731e-6	7.118303187487066e-6	6.1843929452355876e-6	6.5576484001818045e-6
820	7.479171643605874e-6	5.84658355418829e-6	8.171563755707119e-6	6.645420805357933e-6	6.74550226427027e-6	5.880682722761265e-6	6.226263225068682e-6