421	1.2173463447789343
422	1.2574707382199104
423	1.302222628543245
424	1.3498809377187053
425	1.3998952043127693
426	1.4519331248751595
427	1.5045005564221412
428	1.5573866869853485
429	1.606442883895466
430	1.6566575910523094
431	1.708948321372038
432	1.7653574346776781
433	1.8253143286565536
434	1.8905328927412153
435	1.9582090714275604
436	2.02773239605214
437	2.097373459728846
438	2.1661486333627953
439	2.238792515717347
440	2.3123651731188035
441	2.3877614681566617
442	2.4719984990527117
443	2.560793920930876
444	2.651953150678482
445	2.7432678397183126
446	2.835135424758439
447	2.926757855829526
448	3.0177131807015773
449	3.107913858053227
450	3.2005000310114387
451	3.299354083626944
452	3.402200040231254
453	3.509890090335954
454	3.623402946148638
455	3.7412235327902996
456	3.858077101318735
457	3.9783214773464297
458	4.095725437240905
459	4.215440490786494
460	4.3337037933313685
461	4.456962547403457
462	4.58538534311507
463	4.718850587601971
464	4.848169849658106
465	4.98087240468781
466	5.1174131708463495
467	5.252087269252674
468	5.38814159262387
469	5.524792809240091
470	5.665735050111572
471	5.813661990680297
472	5.961394692868586
473	6.121304558821831
474	6.285060707664822
475	6.455016201339479
476	6.623964685742992
477	6.792954092633137
478	6.961224657672438
479	7.122190827667935
480	7.27908495373997
481	7.4350789133467075
482	7.590853562485571
483	7.745143485828929
484	7.9059656505638
485	8.066678650566745
486	8.234216561090728
487	8.402227132057167
488	8.569544364626466
489	8.742908737517876
490	8.920899918857433
491	9.095056005024409
492	9.277261753506389
493	9.459127948417724
494	9.639560336543138
495	9.822483348858631
496	10.005018662212228
497	10.18755825583887
498	10.368409513844423
499	10.550117773739412
500	10.723518894744181
501	10.888100386482806
502	11.048235187553454
503	11.198533294456862
504	11.35259035838851
505	11.501579366030114
506	11.65487858211377
507	11.811988099104754
508	11.964807699107828
509	12.109758536149297
510	12.26201953728412
511	12.400579467616113
512	12.535316816321323
513	12.67326797499352
514	12.806967368131167
515	12.945765268081312
516	13.06790351114243
517	13.18176235055309
518	13.28685777478867
519	13.39040352176157
520	13.480234550617789
521	13.566698208859679
522	13.650851624587697
523	13.731539942361891
524	13.80896424436882
525	13.875992841252895
526	13.933781249212164
527	13.989969058241668
528	14.042569957466695
529	14.09132546968609
530	14.143062768541576
531	14.1871808281101
532	14.217896353215101
533	14.235356524270674
534	14.248023279438708
535	14.238160278969746
536	14.210875524169165
537	14.16316480615161
538	14.112209343349575
539	14.048362905819051
540	13.983290244385923
541	13.906317546507392
542	13.828383175102195
543	13.745343084002231
544	13.659341572691208
545	13.576015843730126
546	13.48890788227597
547	13.396522377483608
548	13.30676179279685
549	13.219038831032442
550	13.136437136757865
551	13.04009393529635
552	12.935317201294891
553	12.818400847797827
554	12.690425453936383
555	12.548145794038755
556	12.393391887211925
557	12.231243738562558
558	12.057338656287067
559	11.876697048023944
560	11.691092028472283
561	11.491665421066134
562	11.290679967974441
563	11.081225082887949
564	10.870618158550577
565	10.654680425948378
566	10.436981523287578
567	10.218452958971193
568	9.997366468283882
569	9.774992283328755
570	9.554045157491338
571	9.329827359029142
572	9.110394592617297
573	8.886995757114992
574	8.668872136534503
575	8.45290314435534
576	8.237954160510528
577	8.022900841596847
578	7.811871244906241
579	7.601337093430684
580	7.3922707155843215
581	7.185465788122114
582	6.9812913581896705
583	6.773606988188381
584	6.567345150603561
585	6.361355154291763
586	6.157553606006866
587	5.951500390641131
588	5.74865232295291
589	5.5452154455883536
590	5.3463716852246765
591	5.150615254444393
592	4.958966774842518
593	4.7718096077083505
594	4.588892074378053
595	4.410551009825802
596	4.238868153439264
597	4.072165656001801
598	3.9102648934449493
599	3.75338731505683
600	3.60334429971558
601	3.4563206741519297
602	3.314277122218232
603	3.1758359736045456
604	3.0413451031428598
605	2.909219603015183
606	2.7804661629156584
607	2.6560207496016943
608	2.535353272993954
609	2.417070936622305
610	2.302692873606751
611	2.19114986716821
612	2.0835816292103884
613	1.9791334238746014
614	1.8783247892304924
615	1.7819831188399788
616	1.6888978242617039
617	1.5998543909649898
618	1.5144449807264961
619	1.4333628908311438
620	1.354928452602983
621	1.2798811692273662
622	1.2075946716805064
623	1.1390259663302775
624	1.0739716386453755
625	1.0115344511630853
626	0.9526663329471232
627	0.8965629329791724
628	0.8431991192372902
629	0.7925042937660738
630	0.7443508257535615
631	0.6990291047769123
632	0.6559937575646005
633	0.6154787780929548
634	0.5770326268404599
635	0.5408937477866429
636	0.5070265829125992
637	0.47503771371855785
638	0.44499602343868905
639	0.4164640867182765
640	0.389916370844739
641	0.36478972775377866
642	0.34109815802690696
643	0.3188672916744817
644	0.2979859034090658
645	0.2783463808999802
646	0.2598439843133581
647	0.24256876570444158
648	0.2263166232331955
649	0.21102202971216666
650	0.19660285201914132
651	0.1831812170229258
652	0.17068292316754563
653	0.1588998747083211
654	0.14796572296639598
655	0.13779278391113375
656	0.1283282296331992
657	0.11953240303304305
658	0.11132255913834295
659	0.10375727824082227
660	0.0967154998189166
661	0.09018570783558257
662	0.08408241450589689
663	0.07843250678668463
664	0.07320129301722678
665	0.068299980279749
666	0.06375587454602952
667	0.05948960493751885
668	0.05551613073449472
669	0.05178597943528273
670	0.04830100719491732
671	0.0450601774628398
672	0.04200641081539476
673	0.03916130578718748
674	0.03649168286544644
675	0.0340196766582419
676	0.03171840294685461
677	0.029554017602943766
678	0.027555870060972196
679	0.025693152897929502
680	0.023972207381869743
681	0.022360158654154465
682	0.02086810066894485
683	0.01948337601575188
684	0.018199219164176775
685	0.017005624305731857
686	0.015898828692678026
687	0.014873018846001496
688	0.01391733833953664
689	0.013029936843927946
690	0.012204221841136256
691	0.01142682714788432
692	0.010703886304020619
693	0.010027822451385067
694	0.009400566850734728
695	0.008813647919921893
696	0.008260885045856434
697	0.0077398389431206005
698	0.007249296587623862
699	0.0067893899736950186