421	1.1899203124567272
422	1.2373985548338835
423	1.2852371148391213
424	1.33387770500562
425	1.385776191350076
426	1.4380806263920412
427	1.4929367727621001
428	1.5485782292287937
429	1.5982389103888663
430	1.6489050534491074
431	1.7044095998702078
432	1.7627341669764445
433	1.827532975359951
434	1.8925432198121859
435	1.961017149211104
436	2.031116693119051
437	2.1040028792087972
438	2.177718669078242
439	2.2514751422701846
440	2.32710444734537
441	2.4071322170836633
442	2.493555438843966
443	2.587298239633993
444	2.6815251595260396
445	2.774075907063706
446	2.863283237030155
447	2.955371236117063
448	3.0482246832490385
449	3.141569616486834
450	3.239013449562428
451	3.337066514569283
452	3.4429870583655635
453	3.5515835675589464
454	3.6663041595121144
455	3.7831564451733946
456	3.903669135026949
457	4.0249947888164215
458	4.1466758048001235
459	4.269555105192701
460	4.395482634318712
461	4.521219550371354
462	4.64984069803197
463	4.783993353817916
464	4.919769421572332
465	5.05764747350392
466	5.197894360884327
467	5.337599389436856
468	5.479660788828104
469	5.6215139187296606
470	5.765830535308108
471	5.912402843028302
472	6.069854570517236
473	6.234211632872114
474	6.404520531141826
475	6.579596675366079
476	6.75801414096072
477	6.931330848937788
478	7.099373130736659
479	7.26830013378636
480	7.432200130732725
481	7.591055790032263
482	7.751413325089858
483	7.9131217943084335
484	8.085759136445754
485	8.257733609725431
486	8.425094002765189
487	8.604015221074658
488	8.78480358012272
489	8.965121116308449
490	9.146631747147087
491	9.332517261767501
492	9.519861739572686
493	9.711370660755447
494	9.89817268497806
495	10.083264250812633
496	10.273445091005547
497	10.462717497440128
498	10.64714440852942
499	10.823392212130553
500	11.001942466624167
501	11.164384340206109
502	11.327264252118269
503	11.480313382507621
504	11.636472627714491
505	11.785488411251533
506	11.937814796388986
507	12.090012746985145
508	12.250702421496383
509	12.40750180786517
510	12.558080210473737
511	12.701277940466477
512	12.8547813585745
513	13.002319655300091
514	13.143004201371648
515	13.281333353602099
516	13.407880113337217
517	13.53732225523424
518	13.656985076028862
519	13.76413700310512
520	13.871477836352899
521	13.968858897368817
522	14.053046707648573
523	14.128872933001006
524	14.208452968361588
525	14.278706531168995
526	14.343827224740382
527	14.405501498688968
528	14.463119548005846
529	14.521332194177715
530	14.562223595495597
531	14.598289044182838
532	14.631932076117327
533	14.655169298555432
534	14.65669823301935
535	14.641178414346706
536	14.610712314976562
537	14.5646912321933
538	14.501452702380805
539	14.433906354015761
540	14.355859753068762
541	14.281394438044229
542	14.19758038797287
543	14.122985221842727
544	14.038855433023608
545	13.955488290478971
546	13.864479649158614
547	13.773149984585777
548	13.690475346563545
549	13.610307269550187
550	13.524821803915358
551	13.432327909527968
552	13.326843811281162
553	13.211784731721655
554	13.081295971710501
555	12.94191792368536
556	12.787900104422192
557	12.623989618040627
558	12.453503359271593
559	12.269836394719261
560	12.084805344932128
561	11.885236400896837
562	11.68163679472963
563	11.469078384328578
564	11.255930629221812
565	11.044192628659806
566	10.824829573425676
567	10.605525134566458
568	10.380579064705588
569	10.155247654696113
570	9.92930997732172
571	9.700076426290295
572	9.470810923377499
573	9.241988729365024
574	9.01816372932264
575	8.797792591280594
576	8.578206808382792
577	8.357647563945235
578	8.138920109638088
579	7.923841465457114
580	7.7071182149630255
581	7.491081748221981
582	7.276871911904579
583	7.061699627245055
584	6.846626944881899
585	6.633480757431201
586	6.420898811818168
587	6.207474370496913
588	5.994770501918809
589	5.786193259076053
590	5.578308587653307
591	5.373967707671295
592	5.1747847691574265
593	4.980830814675051
594	4.792883821417125
595	4.6109550002217095
596	4.430850524350939
597	4.258113336324114
598	4.090758729679455
599	3.9296859384261067
600	3.7756159219448433
601	3.6238716073567714
602	3.4772249361393843
603	3.3339159532065854
604	3.19329022466335
605	3.0552760564259467
606	2.9208330575146313
607	2.7898173245795803
608	2.661885906440027
609	2.5395875979840024
610	2.4205516231497706
611	2.304398855782155
612	2.1918288710440508
613	2.0824494404695506
614	1.9773184969714523
615	1.8754471230808807
616	1.7783574188671765
617	1.685060731203585
618	1.5952993962846789
619	1.5101649942816402
620	1.4281308575829528
621	1.3491523648343144
622	1.2732772912621502
623	1.2009817645314802
624	1.1322787134021526
625	1.0669087845040213
626	1.0046338836181643
627	0.94563093538766
628	0.8897708704574951
629	0.8364866301494466
630	0.7859486611079136
631	0.7384196496215645
632	0.6932316724972877
633	0.6507009001222674
634	0.61053075676331
635	0.5728119786407523
636	0.5370266435537084
637	0.5033322702404126
638	0.47152300784027473
639	0.4415561467627743
640	0.41331560915377347
641	0.38665023347703925
642	0.36163223275465617
643	0.338015223432107
644	0.31569199600867415
645	0.29476681784616754
646	0.2751145840700832
647	0.2566545027155864
648	0.23933149065226456
649	0.2230740028109089
650	0.2077894687398245
651	0.19355600066181852
652	0.18023683002354643
653	0.167793370760773
654	0.15614255240255379
655	0.1453126451970152
656	0.13529908560374387
657	0.12600942819582908
658	0.1173489856953413
659	0.10932593990672909
660	0.10188908856838982
661	0.09495013164912924
662	0.0885148880554831
663	0.08252041416962977
664	0.07699134696146229
665	0.07182341827917335
666	0.06700965547346681
667	0.06253099779073035
668	0.05833228537799426
669	0.054398711760899936
670	0.050751183518230956
671	0.04733728945571678
672	0.04413642339096785
673	0.04112719195877786
674	0.038332637377708374
675	0.03572667097699385
676	0.03329828651353531
677	0.031027897733629746
678	0.028920382254123363
679	0.026965733727968337
680	0.025151095515572753
681	0.023462027293933298
682	0.021896930342398507
683	0.020436910355307956
684	0.01908690213562231
685	0.017830504920271047
686	0.016665011673050886
687	0.015587227947087699
688	0.01458131411338713
689	0.013646123644236745
690	0.012776177065297633
691	0.01196294419196315
692	0.011202321295710646
693	0.010490743960278647
694	0.009825197773828794
695	0.009205764104721612
696	0.008624088040979793
697	0.00807612917445184
698	0.007563978211147998
699	0.007083488825408332