421	1.0273872124345316
422	1.0609159083487927
423	1.0968376325366622
424	1.1352650712395207
425	1.175858554410084
426	1.2171804749767414
427	1.260548399395805
428	1.305117847656114
429	1.3462701941516284
430	1.389026378920642
431	1.4325980075306317
432	1.4783586220538665
433	1.5278530009068283
434	1.5835636890997118
435	1.638367169903487
436	1.6960306204543014
437	1.754772413418055
438	1.8106820854555237
439	1.8708229695255136
440	1.9290089801111092
441	1.9889368213385918
442	2.05472514579444
443	2.1242584616695837
444	2.1959414685200302
445	2.26913090614135
446	2.3412348127132225
447	2.4128203253259963
448	2.4836826856160905
449	2.5575052916917165
450	2.631922653839582
451	2.706371704878023
452	2.78667427163433
453	2.873122067232727
454	2.964733955458907
455	3.056474709448897
456	3.1519698081686727
457	3.2451984144718415
458	3.339339303272828
459	3.4348214396748378
460	3.529055878758336
461	3.6241745364584874
462	3.722645153565017
463	3.822008205882708
464	3.924888662443804
465	4.032637403536521
466	4.139932076297911
467	4.247079739956381
468	4.350016756819405
469	4.454209493501969
470	4.562111369068176
471	4.676150175651033
472	4.794550888990021
473	4.920969717837461
474	5.056133828272405
475	5.196608319747519
476	5.34058531340803
477	5.47853887804947
478	5.616705351082131
479	5.75101660231363
480	5.879197312238655
481	6.009768468668936
482	6.143035336585933
483	6.275499299009808
484	6.406486024015222
485	6.548102219016103
486	6.691838462636118
487	6.835713301033022
488	6.978826168917684
489	7.122154049455867
490	7.270422329153159
491	7.417170574933854
492	7.568059592043294
493	7.722232220381324
494	7.868064547255779
495	8.016881910318581
496	8.170100584737446
497	8.321494682324804
498	8.467426094948351
499	8.611188085770566
500	8.74628216354938
501	8.88125674209339
502	9.01059436682335
503	9.138936595310676
504	9.267052782984486
505	9.3927758806933
506	9.51717412422318
507	9.647311959675504
508	9.772264035117388
509	9.892982482826808
510	10.018954235540468
511	10.137582921385572
512	10.25843929727121
513	10.376390843962085
514	10.491228896689766
515	10.598987571777524
516	10.699741038295711
517	10.787275388497143
518	10.877882818411795
519	10.96261728211458
520	11.039022251858116
521	11.106748393721714
522	11.178371214532353
523	11.246835674148334
524	11.311090392260029
525	11.365569633854594
526	11.416536288131937
527	11.46298239631244
528	11.504641667102986
529	11.547985592825201
530	11.591716865133217
531	11.626660707740387
532	11.65233544248641
533	11.669730516193306
534	11.682455400727479
535	11.678721338177468
536	11.65799257749564
537	11.625662109691287
538	11.586456891683742
539	11.538380833800575
540	11.483869313024545
541	11.420327742780893
542	11.35493123472969
543	11.285582410490669
544	11.210656176169833
545	11.138229187493089
546	11.06043551975146
547	10.981410042709207
548	10.903292680433063
549	10.825757857722847
550	10.74666648841512
551	10.655688612564282
552	10.560599929449323
553	10.456589051412683
554	10.344324372541719
555	10.225443481342866
556	10.095632079068057
557	9.961389257899214
558	9.815115463970189
559	9.662140732776578
560	9.505688689868975
561	9.337937660491418
562	9.165570420392804
563	8.989810954902929
564	8.812884418356653
565	8.633470222436587
566	8.449571933193658
567	8.266728582381223
568	8.079453237259871
569	7.894082308735492
570	7.706643279585176
571	7.520716931457261
572	7.33960571944994
573	7.158732446384625
574	6.9826170443719935
575	6.809025364852169
576	6.634625685642427
577	6.461226840821558
578	6.290870372225296
579	6.122507356089118
580	5.955529956660072
581	5.7908932552431365
582	5.624182956756581
583	5.455058480151457
584	5.287793746138128
585	5.120168597705072
586	4.952507932092701
587	4.782568621002163
588	4.614457872887453
589	4.447497345001761
590	4.282661321310031
591	4.121350596584663
592	3.9627032715237283
593	3.8079509108352703
594	3.6571709272638633
595	3.5112238128014033
596	3.372166464848308
597	3.2379547979621845
598	3.107421540268259
599	2.9823862356108584
600	2.862074837727756
601	2.7458869457452724
602	2.6335358073146544
603	2.524562830274974
604	2.419971957627786
605	2.3174605959177557
606	2.2171401381659246
607	2.119817645356216
608	2.0245765180810897
609	1.9312095494048458
610	1.8400634242431755
611	1.7519053295681042
612	1.6661995381526424
613	1.583221757577116
614	1.5029851397617002
615	1.4260615651091233
616	1.351994981368792
617	1.2797619934627518
618	1.210841865332286
619	1.145138560163969
620	1.0824122930134852
621	1.0222808946704107
622	0.9650582112006157
623	0.9105619584728051
624	0.858673194121685
625	0.8092742259403582
626	0.7624879760821333
627	0.7177547666434746
628	0.6754459840003304
629	0.6350988121001068
630	0.5972478904892691
631	0.5613839862662623
632	0.5277024797763324
633	0.4955654387343097
634	0.4652916954974778
635	0.43675971523489565
636	0.40990240221329094
637	0.3845261556626615
638	0.36057648939276304
639	0.3379081778958503
640	0.31673961351430857
641	0.29672420013012324
642	0.27778701532043687
643	0.2600272507661682
644	0.24320398682636538
645	0.22743604477856197
646	0.2125069730565268
647	0.19850404561423876
648	0.18538493368581477
649	0.1730313823309667
650	0.16137363848958386
651	0.15047119787701355
652	0.1402969740125923
653	0.1307821412657175
654	0.12190431094524656
655	0.11369679446685396
656	0.10602692871251913
657	0.09888677125263726
658	0.09223087178919777
659	0.0861263863162333
660	0.08045924230459103
661	0.07518238681606441
662	0.07024619914903324
663	0.06567307962437377
664	0.061432597993288277
665	0.057456347538360965
666	0.05374010215093979
667	0.05025863947711145
668	0.046988166683710954
669	0.04391716503793307
670	0.04106483892185402
671	0.03837913599498498
672	0.03584346956153305
673	0.03347023644857001
674	0.031240909614917434
675	0.029163459793952993
676	0.02722949087996673
677	0.025411085872414956
678	0.023728546819965553
679	0.022168037388338512
680	0.020710318291479294
681	0.01935200860240548
682	0.01809136492777045
683	0.01691105817717941
684	0.015824428739382997
685	0.014806918291495432
686	0.01385917181869139
687	0.012983063823771747
688	0.012168593815107884
689	0.011412498251150349
690	0.010705075704655042
691	0.010040246210433925
692	0.009415803060651599
693	0.00883554890958563
694	0.008293783848128025
695	0.007784722984166917
696	0.00730471064591119
697	0.006850117498138704
698	0.006424189881971433
699	0.0060266569096537196