421	1.0924451077386506
422	1.1336977185734685
423	1.1768318288154305
424	1.2218057706029375
425	1.26813543909519
426	1.3142064784867689
427	1.3632238444828721
428	1.4131284149794465
429	1.457799188678274
430	1.504540413895417
431	1.5533011495442546
432	1.6061789515731169
433	1.6637390550354687
434	1.7227874700631858
435	1.787263660040835
436	1.8519210221049651
437	1.9180911862799954
438	1.9843029469870146
439	2.053182013639664
440	2.1213291488843637
441	2.1928821713335402
442	2.270670827169128
443	2.3558382159293587
444	2.443824033449602
445	2.528237556216965
446	2.611245376284353
447	2.695770508230112
448	2.7801274991115013
449	2.863940502908778
450	2.9507348385396166
451	3.0428555876116024
452	3.1365345016202797
453	3.2371141884135226
454	3.3434112161780822
455	3.4517268732817508
456	3.562594605103018
457	3.672638222849644
458	3.7827670709805528
459	3.893640681585001
460	4.006319662500631
461	4.117081555597124
462	4.23704081050513
463	4.360309591243522
464	4.486205819255572
465	4.614180747831004
466	4.741170236066538
467	4.86934413560065
468	5.000402136556929
469	5.131673938426826
470	5.26772796598626
471	5.404726857573157
472	5.5505823831126975
473	5.701363758697825
474	5.862132081525157
475	6.026817008591035
476	6.195977231480584
477	6.3603524108258735
478	6.521221428965067
479	6.679259720263002
480	6.8297738789341125
481	6.9806813338522105
482	7.1304996533047875
483	7.2820047386669975
484	7.4390414834230665
485	7.601141406588805
486	7.764011102628304
487	7.935780678483874
488	8.104719519845723
489	8.272182637529394
490	8.444654627104585
491	8.619250179992699
492	8.798178383433681
493	8.976871800690477
494	9.164943914888843
495	9.342267239342387
496	9.522499011558814
497	9.703658290194642
498	9.88104647524174
499	10.05217131987386
500	10.216090557477214
501	10.37738613937529
502	10.531572106757016
503	10.682448638644933
504	10.832371383230734
505	10.977311913131663
506	11.125751073499188
507	11.275736721025316
508	11.424103572464148
509	11.572437329490892
510	11.723942888422414
511	11.86900472079831
512	12.01201465124366
513	12.154387885593422
514	12.291442446621547
515	12.426870157464686
516	12.551945352484404
517	12.671456881290753
518	12.779528627644732
519	12.883645370264622
520	12.975334612142635
521	13.065016231633592
522	13.145359094341122
523	13.219134877068365
524	13.294842221225508
525	13.36313090453986
526	13.426965228592191
527	13.480935796935416
528	13.538104773635418
529	13.585807482801082
530	13.635790431779027
531	13.676614754043726
532	13.711955414055572
533	13.73390288092733
534	13.742490075896972
535	13.736215659436624
536	13.713529821997446
537	13.668471297996414
538	13.608795490803928
539	13.543517695879451
540	13.479705520571256
541	13.414185916897283
542	13.347098590757867
543	13.275196892982402
544	13.202656631619416
545	13.125732919256084
546	13.048054315430246
547	12.968807083610102
548	12.8949249283481
549	12.817870334689678
550	12.744153400446198
551	12.66212199899837
552	12.568744568867373
553	12.463595539786683
554	12.344130312783653
555	12.21036725625633
556	12.062099826275949
557	11.90455846998295
558	11.742588175596875
559	11.569539833677599
560	11.393433963832162
561	11.207845346622898
562	11.0162948847948
563	10.817881870797693
564	10.620478635232894
565	10.41983470194229
566	10.21627364459164
567	10.004284770853054
568	9.794145942140744
569	9.58609336926746
570	9.376693856134597
571	9.164221919847433
572	8.954391303017847
573	8.744068029385094
574	8.537362046619604
575	8.334538390031659
576	8.134905317653207
577	7.934629756971707
578	7.737814802206685
579	7.541033746213256
580	7.346725722668847
581	7.151040930912969
582	6.95700949304614
583	6.760801074863164
584	6.564149730772625
585	6.365598768539826
586	6.1681455031187955
587	5.970180817549822
588	5.770907421686831
589	5.572507625993347
590	5.373092645012402
591	5.178836371841496
592	4.988271160029955
593	4.801038769377842
594	4.620081028664961
595	4.4422398548009605
596	4.269580222218336
597	4.10372393188296
598	3.943128714265589
599	3.7873206929652605
600	3.6371396330084362
601	3.4912742772629324
602	3.349612110468124
603	3.211442711590462
604	3.076588297775318
605	2.943757386061065
606	2.815880763538087
607	2.690911908262156
608	2.5686789913148673
609	2.4501875669667452
610	2.3356353026009224
611	2.223641627701492
612	2.1159290761353016
613	2.011319323426593
614	1.910152902761814
615	1.8130727328772849
616	1.720355586345675
617	1.631379534988958
618	1.5462663019022522
619	1.4639829835317657
620	1.3847908379224063
621	1.3096020241023627
622	1.2375030868759476
623	1.168466111482335
624	1.1025197674579676
625	1.0393482291894736
626	0.9794192469352758
627	0.9227621824320703
628	0.8686544037730046
629	0.8170650780489233
630	0.767957388959967
631	0.7216445105328961
632	0.6777410716070258
633	0.6362208049330321
634	0.5968791093078841
635	0.5597405384087434
636	0.524912269029821
637	0.49191000158770376
638	0.46079012304298494
639	0.43149372825639626
640	0.40367193127526574
641	0.37743633519667397
642	0.35292635361223856
643	0.32982578799637713
644	0.30794246172778955
645	0.2874003037382137
646	0.2681032491809958
647	0.2500616943198653
648	0.23316779153647188
649	0.2172303879750481
650	0.20235036709451729
651	0.1884491070054337
652	0.17544844793338796
653	0.16329016136334817
654	0.15201160460283875
655	0.1415058273089144
656	0.1317149871996137
657	0.12270214509491074
658	0.11433079345476467
659	0.10659473508111303
660	0.09938038526102681
661	0.09267130079894717
662	0.08641937159067575
663	0.08060909674471552
664	0.07523345662353192
665	0.07022804787036302
666	0.06556333763799231
667	0.061209178914865756
668	0.05711671728437732
669	0.05330641033233986
670	0.04974271126017689
671	0.04641443012046145
672	0.043281012864213514
673	0.040344065238184526
674	0.03760220690865375
675	0.035058273556300965
676	0.032674798991477835
677	0.030445759960606552
678	0.02837581673076899
679	0.026450514325765496
680	0.02465937047028252
681	0.02299896586072512
682	0.02145660927344976
683	0.020025233828141187
684	0.018698108902366502
685	0.017463712874489074
686	0.016321969423884728
687	0.015258619867361834
688	0.014269427098768885
689	0.013352558127961527
690	0.012500788556803685
691	0.011702765204812166
692	0.010961417260804691
693	0.01026417478427803
694	0.00961637435054808
695	0.009008652126834715
696	0.008439769447812448
697	0.007904850532429931
698	0.007403762375189411
699	0.006932448235458867