421	0.8708899494381536
422	0.9024410155274288
423	0.9361089687717645
424	0.970092829998133
425	1.0050967834802356
426	1.0414604633204725
427	1.079793384452091
428	1.1181964776828528
429	1.1549519044804983
430	1.1909457451232695
431	1.229159382403603
432	1.2690175209830983
433	1.3110046661901305
434	1.3538428929490454
435	1.4008538933669
436	1.4479844865679325
437	1.4964673698916784
438	1.5455685571654023
439	1.5950475832485558
440	1.6442214208685433
441	1.6970895368221466
442	1.7499336314850866
443	1.8108974482951448
444	1.8713422210595285
445	1.9319119457563751
446	1.994591160535196
447	2.0556572752300335
448	2.1161790674777965
449	2.179477624465785
450	2.2398017542204367
451	2.306916393249088
452	2.374157913189967
453	2.447220684778396
454	2.526336147694605
455	2.607335499288189
456	2.6895542927701737
457	2.7734633891893274
458	2.855575645457876
459	2.9354381713601287
460	3.018967766487114
461	3.1032620311915373
462	3.190410564732667
463	3.2802592715635455
464	3.3708186730935035
465	3.4669592631328263
466	3.5635559975956603
467	3.65899417588529
468	3.7516537768699947
469	3.8454965327411044
470	3.9387285658387174
471	4.037399787423989
472	4.144740735858256
473	4.260066876534195
474	4.378597171718878
475	4.503037846050505
476	4.62830923345331
477	4.754961045904111
478	4.878619340008013
479	4.998973250161661
480	5.113213848162947
481	5.229684775714018
482	5.344437995700172
483	5.460574610180396
484	5.581481393216384
485	5.70840829719932
486	5.834671142842948
487	5.965047035507016
488	6.097605498400801
489	6.232488044499351
490	6.364213135888814
491	6.499231877380555
492	6.632814309360838
493	6.772427985842274
494	6.912531357258851
495	7.04999614083508
496	7.1922911312527855
497	7.334798336619204
498	7.475164795469565
499	7.611088604769046
500	7.745309818558394
501	7.874695012760588
502	8.000347001554774
503	8.124650837259846
504	8.24436665717337
505	8.366452605871913
506	8.485754541383788
507	8.613277035375729
508	8.741588965809017
509	8.867615372166528
510	8.999538816104176
511	9.127870952740258
512	9.255846197295154
513	9.386397682166535
514	9.511437835971455
515	9.6339332064052
516	9.753514230807266
517	9.867840846957598
518	9.98778172303377
519	10.097859347676213
520	10.199771703709452
521	10.302866777622754
522	10.406573557198765
523	10.503938338598712
524	10.59769690179259
525	10.693544045824442
526	10.78741658742866
527	10.882240127764018
528	10.979935009816614
529	11.078935447388442
530	11.18106857096892
531	11.275281372349479
532	11.368569008527219
533	11.456841065040171
534	11.529357839913175
535	11.592362509824987
536	11.646696843887291
537	11.693839405545168
538	11.732827995435624
539	11.760936695937069
540	11.785507700912117
541	11.797029018084245
542	11.80642011905657
543	11.811119374363352
544	11.809920626219503
545	11.814379592836575
546	11.813321317106551
547	11.81018576440972
548	11.807085278581678
549	11.799588956552483
550	11.792760647401005
551	11.780087167757646
552	11.760006204824085
553	11.72466675418498
554	11.686639223900276
555	11.639806695993855
556	11.583471989350011
557	11.525412453497799
558	11.449066135489337
559	11.363905233179612
560	11.269585509584548
561	11.170177276651874
562	11.059764315325328
563	10.940545436435789
564	10.811310095365704
565	10.677483857537377
566	10.53929617509078
567	10.395017127594864
568	10.247186198724055
569	10.091729987123458
570	9.933600385674778
571	9.774606439901738
572	9.615320270901753
573	9.45269280016324
574	9.293091020751339
575	9.128133103510372
576	8.966663348235516
577	8.802019127852022
578	8.636777428709125
579	8.46980721923189
580	8.298753414567457
581	8.12251962229984
582	7.945768192574931
583	7.7648482386903215
584	7.580983751483735
585	7.391982223064178
586	7.199814766375156
587	7.006603988776563
588	6.813214971680804
589	6.61582611963149
590	6.420035801327184
591	6.2247773459138545
592	6.030142974568577
593	5.838468671050614
594	5.650585769570344
595	5.465640661095503
596	5.2847869483709
597	5.105742630930239
598	4.9326570090358715
599	4.765197377775542
600	4.601825422902531
601	4.442714513129992
602	4.2875733980301876
603	4.135408383532157
604	3.987224334693129
605	3.843765162600212
606	3.7033159311607053
607	3.5648130151792907
608	3.429272763368798
609	3.2947624734212484
610	3.1636620816212124
611	3.0343385459754204
612	2.9072620227371675
613	2.7825761305411074
614	2.6613717220244313
615	2.5425910187752443
616	2.427033461762635
617	2.3147257851132808
618	2.2043913362044427
619	2.0971762151626225
620	1.9935597668185825
621	1.8932258216253022
622	1.7968291094691844
623	1.7039456692544674
624	1.6150561006049078
625	1.5290850200477162
626	1.4468155269106702
627	1.3678522848443715
628	1.292167652025263
629	1.2196466214197927
630	1.1501959848739804
631	1.0844899938890806
632	1.0219823204964957
633	0.962407547095007
634	0.9055898281263328
635	0.8517157129975456
636	0.8007526119055342
637	0.7521491093251919
638	0.7063698223972417
639	0.6631280577479258
640	0.6219698871044542
641	0.5830727451775828
642	0.5465253782662045
643	0.5119639246965036
644	0.47913855762361596
645	0.4483175472070096
646	0.4192835337872065
647	0.39210941579151404
648	0.3664035166152536
649	0.34209683978564753
650	0.31942487761462673
651	0.29809578613432164
652	0.2779849637369945
653	0.2591572648914774
654	0.24161654508098082
655	0.22521762173896043
656	0.20989317135734079
657	0.19561665426064972
658	0.18228258652067475
659	0.16988844052767996
660	0.15826571841599613
661	0.14746839641887313
662	0.1374303809017283
663	0.12804993235590528
664	0.11932552115760135
665	0.11122598670944747
666	0.10367179264990457
667	0.09660900598469238
668	0.08999929186317489
669	0.08381785192046914
670	0.07808112507459129
671	0.07272177240191918
672	0.06769383839412958
673	0.06303391723357095
674	0.058687456413082977
675	0.05463997654337426
676	0.050865109754990395
677	0.04735374164451842
678	0.04407958318322004
679	0.04104504359088149
680	0.038215851121312816
681	0.035585180678562214
682	0.033149419185011325
683	0.030884427110828394
684	0.02877431541360403
685	0.026820386738078558
686	0.02499624451420662
687	0.023304050924495
688	0.02172918937444677
689	0.020267580067102872
690	0.018906491345618746
691	0.01764187368880215
692	0.016459775704312292
693	0.01536354181911237
694	0.01434209294512964
695	0.013389392114277534
696	0.01249788527218484
697	0.011666166357625256
698	0.010888023548147815
699	0.010163389662443654