421	0.9303654739321352
422	0.9593050493287071
423	0.9944160615902878
424	1.0312517763086266
425	1.0686875415527382
426	1.106710558957267
427	1.145426948585973
428	1.1844982705004445
429	1.220591679956989
430	1.2577495242014614
431	1.2965298015925995
432	1.3370481109618417
433	1.3811354992832316
434	1.4293380925280874
435	1.478531140623118
436	1.5299173969047644
437	1.5802484107551757
438	1.628018672874046
439	1.6802729453190053
440	1.7321476961629976
441	1.7862947851383946
442	1.845575608826785
443	1.907262231719857
444	1.971035867887016
445	2.0364154640146768
446	2.102032393861559
447	2.1647441178882656
448	2.2284026210264716
449	2.289635658163336
450	2.3553130965602755
451	2.423434765659031
452	2.4950167953843243
453	2.5720125930644504
454	2.6514736382901085
455	2.7369150111336165
456	2.822484271202198
457	2.907108593819374
458	2.9914792206040315
459	3.0766344235837915
460	3.161351446051484
461	3.247612288992137
462	3.3403885419463135
463	3.4294250360794303
464	3.522740919227224
465	3.619866794829401
466	3.715731126618746
467	3.8125128486206554
468	3.9067381098199774
469	4.003351639587706
470	4.10239951690637
471	4.209933652879588
472	4.319767286722961
473	4.436462927374257
474	4.561454947308536
475	4.688210923033954
476	4.8226948118331485
477	4.955497387704395
478	5.080339810411422
479	5.201802184187818
480	5.320234831217725
481	5.43787139430075
482	5.557946273067621
483	5.681037740695907
484	5.801347840086486
485	5.921145763638173
486	6.053338204813907
487	6.184107798245507
488	6.316467436093649
489	6.450869909935123
490	6.591281739636993
491	6.728379463008138
492	6.870793174983239
493	7.015909950334535
494	7.157708601128236
495	7.30279255943596
496	7.4461575257484665
497	7.589773781334895
498	7.739844345075388
499	7.87984234518723
500	8.016809052075427
501	8.150756060481303
502	8.279883615461111
503	8.407786663689677
504	8.532153226932236
505	8.660609830423002
506	8.79102045383433
507	8.91994377235041
508	9.053207641878787
509	9.181010633743368
510	9.318083078239274
511	9.449018584424405
512	9.579019739342199
513	9.715228713329296
514	9.853654969738207
515	9.989438191378468
516	10.111373086330023
517	10.226713447816744
518	10.34691535322909
519	10.465077141937167
520	10.582442916633408
521	10.693985480865411
522	10.813034185898278
523	10.926165260959774
524	11.034769789475353
525	11.146055904236318
526	11.251940222400581
527	11.346964032826897
528	11.443266752711818
529	11.552895941076596
530	11.66613809354681
531	11.773840596832725
532	11.870222339756006
533	11.96141303375381
534	12.042314883359127
535	12.111280110583156
536	12.169038457291675
537	12.214610227918632
538	12.254540207129766
539	12.287746726445494
540	12.320173104382693
541	12.346371977104495
542	12.361580748255337
543	12.373075531335317
544	12.383856642877989
545	12.389145620820086
546	12.392561384466685
547	12.397095882828799
548	12.402012688295851
549	12.406930938323862
550	12.409668594820563
551	12.402881479467023
552	12.385318743875724
553	12.359802315450208
554	12.318864164450348
555	12.271535257510003
556	12.209594928891022
557	12.1405634079585
558	12.069648573594039
559	11.986480954278285
560	11.890270203561304
561	11.779062817204771
562	11.6608262443714
563	11.533849156619455
564	11.406700801194177
565	11.267482539084247
566	11.128524766128047
567	10.984712722423387
568	10.834236885359548
569	10.684011230122485
570	10.528229904980543
571	10.364712532174108
572	10.200849028097272
573	10.034434255814778
574	9.871777890478386
575	9.706259863656179
576	9.539156348568369
577	9.36767869289909
578	9.196969401056217
579	9.021104433836818
580	8.846745656100257
581	8.66521166889914
582	8.48136995481621
583	8.293230356232797
584	8.104789445537333
585	7.91013255752549
586	7.713522587359664
587	7.511542602994546
588	7.308576298902412
589	7.105907719197367
590	6.9028798669945015
591	6.699105645318837
592	6.498023147183492
593	6.296956293670652
594	6.101275436310871
595	5.907292049610689
596	5.716006662280847
597	5.528128723965695
598	5.344631939171355
599	5.16379506977778
600	4.988817304028495
601	4.817729451092021
602	4.648154259329248
603	4.4826176446013015
604	4.322181868814449
605	4.1635777885621215
606	4.006645845421788
607	3.8515964380107643
608	3.6997051036145625
609	3.550982142203921
610	3.404436070444272
611	3.2614966979839006
612	3.1212970392384345
613	2.9837971310547116
614	2.8501242489338057
615	2.720169756901895
616	2.59341497244397
617	2.470246692422004
618	2.3506475427426747
619	2.2347369482676287
620	2.123269412132276
621	2.0156809210353215
622	1.9116188764920254
623	1.812184217142666
624	1.7160909081827223
625	1.6238651942194642
626	1.5357080494925643
627	1.4511037511971925
628	1.3701721378191185
629	1.2928724714753141
630	1.2189158773797022
631	1.1488649716670933
632	1.0822419909673224
633	1.0186815201435748
634	0.9583225695041898
635	0.9011657346604433
636	0.8469316342871915
637	0.7956535375663821
638	0.7472191342753575
639	0.7013175568092003
640	0.6580105145247143
641	0.6169420507756035
642	0.5780267031612132
643	0.5412329684308261
644	0.5066023467379666
645	0.4739188313816201
646	0.44301052180733935
647	0.4140560485644578
648	0.38683872256584284
649	0.3611572036833491
650	0.33698846142832484
651	0.3143350297339267
652	0.2930690639084969
653	0.2731178399720122
654	0.254461128880244
655	0.23712282816167385
656	0.22098802042612387
657	0.20585222649422855
658	0.1917523350095375
659	0.17865904916138226
660	0.16643573105541154
661	0.15506999476132374
662	0.14446064354815993
663	0.1346105504278946
664	0.12542710998661752
665	0.11685564970991946
666	0.10887411894898544
667	0.10142289128575538
668	0.09446539121521512
669	0.08797092995792243
670	0.0819276842417498
671	0.07630250342371042
672	0.07104700258971415
673	0.0661311906161452
674	0.06153335791080567
675	0.057254927943076746
676	0.05327250421590661
677	0.04956237487886569
678	0.0461193053709367
679	0.04292669634366804
680	0.03995104999259084
681	0.037191562826771746
682	0.034622687792322214
683	0.03223242004024699
684	0.03001554030334797
685	0.02795597846796187
686	0.026052328944858014
687	0.02428278596461271
688	0.022645217549028877
689	0.021121209418404306
690	0.01970397035756244
691	0.01837852204719091
692	0.01714362506929326
693	0.015999141148657744
694	0.014931969771172693
695	0.013941430318483753
696	0.013015982683091816
697	0.012146398053226391
698	0.011334745221974377
699	0.010574160878748405