421	0.8769125085199788
422	0.9076183218783502
423	0.9404079212235487
424	0.974526062619797
425	1.0113560293817252
426	1.0483440107789703
427	1.0854814055803936
428	1.121815715167143
429	1.159367193495576
430	1.196743041966857
431	1.2347477083013816
432	1.2743247463146954
433	1.3161352615755832
434	1.3596032738112191
435	1.4062432432644376
436	1.4530577698641862
437	1.5021083135567939
438	1.552324638128689
439	1.5988280198152554
440	1.6508668461808693
441	1.7051091371819433
442	1.7591950043668076
443	1.8176262382979873
444	1.878073594957669
445	1.939777803460459
446	2.00195655769174
447	2.0632544191674502
448	2.1240427531359276
449	2.1847476792853144
450	2.2464719723362805
451	2.3100482170500602
452	2.3806934867090033
453	2.455009857042828
454	2.528636933554878
455	2.6074847466055706
456	2.6878384626370027
457	2.768903536339229
458	2.85337985976399
459	2.9332142976190485
460	3.0169451891251926
461	3.100534543696974
462	3.1895530395708684
463	3.2782876333635795
464	3.3708320630773296
465	3.4650575731697715
466	3.557013030325003
467	3.6519163062569806
468	3.7463467881526213
469	3.840582705465121
470	3.938842735527177
471	4.036278350372278
472	4.139379869953074
473	4.252263603679369
474	4.371290873513873
475	4.492703866149156
476	4.616015013467769
477	4.744914334659589
478	4.870009871123704
479	4.988271238955075
480	5.107141448807461
481	5.22376649343291
482	5.338929257137284
483	5.453887640554656
484	5.571132518195618
485	5.697677687491077
486	5.822277284429063
487	5.95204421731322
488	6.0841406314940585
489	6.215739684195971
490	6.3464099807019005
491	6.478829436354924
492	6.616109865983837
493	6.754199011587066
494	6.893341266498483
495	7.033635280630408
496	7.173761573778845
497	7.3164606055980315
498	7.459390272326137
499	7.598816288403454
500	7.736921214652066
501	7.865770516910521
502	7.9969432557266344
503	8.118400741480608
504	8.23829212438571
505	8.364164515349234
506	8.48618268405027
507	8.608469898187709
508	8.738241992149185
509	8.86499193906596
510	8.998609080561017
511	9.129474750437005
512	9.25626286274632
513	9.383308564071333
514	9.510607524919157
515	9.633225574990083
516	9.75860146895872
517	9.878827734586716
518	9.99089786437167
519	10.103558832350576
520	10.216271779351052
521	10.319017544233537
522	10.422271321213103
523	10.525120458795698
524	10.627977160426678
525	10.728690673442557
526	10.829898668784791
527	10.93268272120678
528	11.030491053792145
529	11.133695665448906
530	11.238942005266898
531	11.33547633038031
532	11.43455154001685
533	11.521230668907332
534	11.597467233401963
535	11.669137529099785
536	11.726738758469097
537	11.766097632929359
538	11.806402237140244
539	11.835942425805678
540	11.859110975255277
541	11.877518830006363
542	11.884809922780088
543	11.88856784582294
544	11.890961353636534
545	11.889078540544798
546	11.883391485535451
547	11.879545708444898
548	11.875381560947028
549	11.864899836736244
550	11.861544591643671
551	11.844866585785619
552	11.818158574505537
553	11.783848036084283
554	11.743313539613553
555	11.690385863187387
556	11.631356833902647
557	11.562516432580388
558	11.489432266555198
559	11.408374671916144
560	11.318806404855751
561	11.220361865590098
562	11.112170013868411
563	10.992116464702654
564	10.866457411116693
565	10.734866673133379
566	10.592632917534441
567	10.448490314898063
568	10.302446748553251
569	10.148080172062606
570	9.99235064577022
571	9.832766712608372
572	9.668777614371624
573	9.50108796440224
574	9.335818658247938
575	9.16851573993973
576	9.000865793927787
577	8.832170277613496
578	8.663073357216597
579	8.49548994536453
580	8.321161473377831
581	8.14342962816198
582	7.96600483839656
583	7.783444087840028
584	7.59566522297051
585	7.404447723521366
586	7.212288935243007
587	7.017385815215328
588	6.819589660724294
589	6.6226306279769585
590	6.4244791359136055
591	6.227204867086239
592	6.032509390791775
593	5.84060850334127
594	5.649157449954881
595	5.4621833762949015
596	5.280114921845826
597	5.102744599307344
598	4.930267809982609
599	4.762855184918423
600	4.598188551198845
601	4.437837453051526
602	4.2821144959372095
603	4.13035543703737
604	3.982121684165212
605	3.8376095894445124
606	3.696872762814204
607	3.5582233420086116
608	3.4219899222921937
609	3.287162670411934
610	3.1555873237938
611	3.0252157012500707
612	2.8973841955766697
613	2.772153404782836
614	2.651077893301894
615	2.5322723895424417
616	2.416162226105362
617	2.3035809353131165
618	2.193613429822549
619	2.086145304296881
620	1.9823657944254234
621	1.8819049696922752
622	1.7852530991042117
623	1.6924117490386126
624	1.6035439687552597
625	1.5179707884855533
626	1.435984886017382
627	1.3572036626880368
628	1.2817914259795489
629	1.209849682414381
630	1.1410702652592526
631	1.075392632381832
632	1.0133011503601514
633	0.9543154842006704
634	0.8982687783898631
635	0.8450180900162184
636	0.7942823489281138
637	0.7462193761177729
638	0.7008718218400184
639	0.6578404193749008
640	0.6171615969269888
641	0.5786647177764429
642	0.5422704728906583
643	0.5078850930451905
644	0.4753557761384695
645	0.44479967250727465
646	0.4157720141976601
647	0.3887159137970074
648	0.3631458426747334
649	0.3390874583610948
650	0.3164306237794528
651	0.2951871199411772
652	0.2751867932334643
653	0.25646713412990746
654	0.23905934726723826
655	0.22279864864715226
656	0.2076170688282595
657	0.19345892716515597
658	0.18021601643806992
659	0.16797639531049713
660	0.15649281025678882
661	0.14581564154235427
662	0.13583834331034306
663	0.12660118514200366
664	0.11797507921676699
665	0.10997156839773334
666	0.10250063754383874
667	0.09550231412757962
668	0.08895084631728356
669	0.08283585816242835
670	0.07714953826276844
671	0.07186520736933864
672	0.06690072587012444
673	0.06226686967877904
674	0.0579447232343958
675	0.05395172546617866
676	0.05021875433693658
677	0.04673720266653222
678	0.043498464161033576
679	0.04049645244944105
680	0.03769987695127811
681	0.03510202752612148
682	0.03269070018737557
683	0.030453265514583442
684	0.028368481485712777
685	0.026434251430441088
686	0.024640095566393308
687	0.022976024444727988
688	0.02142329090486243
689	0.019983336991107856
690	0.018647674708785686
691	0.01740499978547232
692	0.016243381363019043
693	0.015164355950999384
694	0.014157087974689798
695	0.013220782266185314
696	0.012342449238558349
697	0.011522331375710243
698	0.010757754436306876
699	0.010043676775381913