421	2.298102275302085
422	2.380767862222952
423	2.469041215573583
424	2.56261628361317
425	2.6584880082174056
426	2.75889854932673
427	2.86187141839515
428	2.9649892221638177
429	3.058905083502582
430	3.1569391774957176
431	3.262556846243622
432	3.379050384301145
433	3.500924785392239
434	3.6288381541491024
435	3.7621056837703897
436	3.8987204693281456
437	4.038271625552728
438	4.181905369259473
439	4.329066857958913
440	4.480824396332825
441	4.639796284027636
442	4.810320340806798
443	4.9957075151381725
444	5.182468666781582
445	5.364275395752435
446	5.5457759382788465
447	5.7279653815543154
448	5.913353660267839
449	6.101981814088542
450	6.297757518649658
451	6.497467150157958
452	6.701255549478994
453	6.912953423200783
454	7.134802884360256
455	7.357809535055733
456	7.590315971802322
457	7.825844830793648
458	8.06297502969683
459	8.301526927730983
460	8.545058482682071
461	8.79636759809065
462	9.053260307190714
463	9.311721882470602
464	9.573294891627732
465	9.842421766937601
466	10.117753063654263
467	10.39780004863942
468	10.677061192575145
469	10.94981626036699
470	11.22612810394154
471	11.513837936947109
472	11.808596581303618
473	12.11252743562767
474	12.42122984886689
475	12.733911958776764
476	13.052312240205703
477	13.36777101964267
478	13.6836069577237
479	13.99131141620913
480	14.292192824959514
481	14.587780602464735
482	14.897214411509758
483	15.207825250895885
484	15.51690836725
485	15.8315461804877
486	16.141781533182687
487	16.459363828449675
488	16.77978861512219
489	17.101591736200643
490	17.433655017051592
491	17.763204929458677
492	18.088577402208827
493	18.418661576175186
494	18.745899610894842
495	19.081306291720008
496	19.41541001605021
497	19.742576416797313
498	20.075222954597645
499	20.401021399853818
500	20.716930569838794
501	21.023734958057144
502	21.322044753635286
503	21.612871389140555
504	21.897505489583445
505	22.182825196149288
506	22.464700055962368
507	22.747367474498642
508	23.020426625502854
509	23.281404313590816
510	23.53921113772155
511	23.801403335873434
512	24.049096139966146
513	24.29805449548995
514	24.53455886976438
515	24.768786787926068
516	24.983002244112484
517	25.186362574988888
518	25.37884736485956
519	25.563266942126532
520	25.73985913346516
521	25.905266577763616
522	26.059248074126426
523	26.21454197437952
524	26.35656370297038
525	26.476698677360798
526	26.58580688883971
527	26.690735115906
528	26.781054900991897
529	26.86767691962403
530	26.95247123580261
531	27.017120906595494
532	27.067662417829734
533	27.095878811937474
534	27.096993650493125
535	27.074126929790427
536	27.017065183320177
537	26.923902283961358
538	26.81901417733264
539	26.704686644190264
540	26.58067421878166
541	26.46074035850335
542	26.342624778006677
543	26.199586099715958
544	26.063733336478556
545	25.919588885989263
546	25.773560932506257
547	25.624618950506648
548	25.47580031846916
549	25.322858594432194
550	25.169330663795563
551	25.005234736237163
552	24.825574099787104
553	24.62165075009842
554	24.39928737645042
555	24.13880912714266
556	23.866356764699795
557	23.57773337111588
558	23.276588925020345
559	22.95131191599815
560	22.613449701515687
561	22.26509187195909
562	21.907526751795352
563	21.543203546063914
564	21.16632480468182
565	20.78454775088695
566	20.389498072669255
567	19.990508943061293
568	19.588426684138298
569	19.178384974734477
570	18.764957879150735
571	18.350159539264205
572	17.935034439062335
573	17.51922191065093
574	17.102739690354497
575	16.68036400526553
576	16.259604933237462
577	15.840730655478886
578	15.423949860030557
579	15.018334665917727
580	14.610898353600586
581	14.203184148945644
582	13.79989198503296
583	13.392563992404465
584	12.994903620338622
585	12.595085477518312
586	12.19825091868713
587	11.80551335235305
588	11.418080807116393
589	11.034079961637259
590	10.655348555588436
591	10.276924568495025
592	9.907335546729453
593	9.544424921677036
594	9.187186615445587
595	8.839239761095195
596	8.50044417107719
597	8.168654528070283
598	7.845478265253223
599	7.532819020656996
600	7.230459490094841
601	6.932788193677149
602	6.641039889979138
603	6.357745227393319
604	6.080727881896449
605	5.80698829934065
606	5.543005676445803
607	5.29004913917206
608	5.045224139306127
609	4.808482371803509
610	4.5794293144132014
611	4.356362980369009
612	4.140572213210001
613	3.930259520621227
614	3.729233842255401
615	3.536989690775546
616	3.352465125068924
617	3.1757602027103933
618	3.0071870760564487
619	2.8452900622275346
620	2.6885143293646405
621	2.5376785023544794
622	2.393892056068315
623	2.255611976917581
624	2.123288946025338
625	1.997287145716445
626	1.8775791954910885
627	1.7637601627618065
628	1.6553895882431715
629	1.5526636852848057
630	1.4555634399236608
631	1.3634912400058512
632	1.276439693162301
633	1.194444489547939
634	1.1175028885391691
635	1.0446415888824585
636	0.976041968614992
637	0.9117059193897508
638	0.8513555416311458
639	0.7947475258676151
640	0.7412703619751051
641	0.6911089170177175
642	0.643974566699029
643	0.5996839222522692
644	0.5582873397019741
645	0.5196754997233833
646	0.4834660083822071
647	0.4493249698583135
648	0.41745375218599745
649	0.3876409821652775
650	0.3599271051676596
651	0.33403619770224974
652	0.30981359154632393
653	0.28736090521668806
654	0.26658972604458003
655	0.2472335619986323
656	0.22926055993116667
657	0.21259883563102402
658	0.1970447300750711
659	0.18266240112787743
660	0.1694355926367278
661	0.1571759788122781
662	0.14579554823481194
663	0.13524536253495076
664	0.1254937685481431
665	0.11646327074845668
666	0.10806820391418834
667	0.10025153840541333
668	0.09297737414795373
669	0.08622830408344175
670	0.07999658892775456
671	0.07419724481969485
672	0.06880074186242803
673	0.06379877878646285
674	0.059155719146610955
675	0.05486211647364419
676	0.05087301352845707
677	0.047181601303336276
678	0.04376768884187608
679	0.04059988228075644
680	0.03765951971284109
681	0.03495430301351227
682	0.032452241494837164
683	0.030133815811835787
684	0.02799857679987857
685	0.026030859716562906
686	0.024200061192039213
687	0.022506248765656958
688	0.020937390514479733
689	0.019484487026559173
690	0.0181267306882806
691	0.01687297327280703
692	0.01570943266858143
693	0.014632562066858572
694	0.01362963725715093
695	0.012699476617034782
696	0.011828915919398912
697	0.011017849611986725
698	0.010259482174726152
699	0.009557443972932959