421	1.8417162165951357
422	1.9057626174263858
423	1.9744071704012867
424	2.0465668402729413
425	2.1220066512911275
426	2.19976076849564
427	2.280703163404352
428	2.3589360271187805
429	2.435668777661613
430	2.513265386992942
431	2.594502358776602
432	2.687165128249751
433	2.7810069211128887
434	2.8796710222846125
435	2.9850477886853457
436	3.0920355073539145
437	3.2012015981561923
438	3.312643681151361
439	3.4275036505650465
440	3.544710565760531
441	3.6671482119292222
442	3.7955458081598614
443	3.9365771257606252
444	4.079964227919904
445	4.219831254304355
446	4.36083258796267
447	4.501064292808574
448	4.64220932290514
449	4.78640750593601
450	4.93488206201454
451	5.0863769831684875
452	5.2428850179173905
453	5.407218683960734
454	5.580259345986941
455	5.7574042574731
456	5.938449972420707
457	6.1208937695384185
458	6.304472425181762
459	6.4908887714753005
460	6.679760420751187
461	6.872968640253125
462	7.067861402143239
463	7.267837193799348
464	7.468992530896723
465	7.677355044180584
466	7.883740974038102
467	8.096057867093021
468	8.3101668053123
469	8.524868955710602
470	8.743723021869883
471	8.960211618394334
472	9.188291984644046
473	9.418252543107632
474	9.660629599802746
475	9.90170604691791
476	10.151564355141701
477	10.401838704924605
478	10.651478424831293
479	10.90017250073242
480	11.13926018859299
481	11.37696180769707
482	11.614508633686997
483	11.850524289729872
484	12.092017445398989
485	12.341208851663911
486	12.590351895647926
487	12.83947357826514
488	13.097451387346961
489	13.358538239743579
490	13.624039707827299
491	13.889163610816867
492	14.152023926451072
493	14.412762502024945
494	14.675635944539465
495	14.938343570449232
496	15.201519609774415
497	15.462873967762546
498	15.72143371076455
499	15.97552733530889
500	16.22664932394495
501	16.468264190634912
502	16.708255143893503
503	16.94017968623721
504	17.1609766390617
505	17.382480656956474
506	17.6088712116926
507	17.838006247624993
508	18.058129782633728
509	18.27207705548099
510	18.485431278081396
511	18.69457735587251
512	18.898240638256098
513	19.094333650645613
514	19.286845799669912
515	19.46907458846848
516	19.645724982342166
517	19.8127975187812
518	19.973859033161233
519	20.121440850382676
520	20.255771963257715
521	20.378989631029565
522	20.501536483722955
523	20.61265247315056
524	20.722731452323917
525	20.815384606570635
526	20.90165028128861
527	20.98358063034339
528	21.062964595157226
529	21.130305872281326
530	21.199838980901934
531	21.24533554206952
532	21.287887592065744
533	21.321825790190005
534	21.33284906961983
535	21.318565885838193
536	21.28419707700491
537	21.221445781134737
538	21.147205232076754
539	21.0616743420541
540	20.963695265309905
541	20.857778457878844
542	20.752825912269916
543	20.63335423481028
544	20.51833719325218
545	20.403030856363753
546	20.27645596957252
547	20.147509183067704
548	20.02930362145466
549	19.90043605546442
550	19.76971231189522
551	19.63369878334
552	19.48320385922151
553	19.322028216692818
554	19.138888062535372
555	18.92916618846999
556	18.704300165076535
557	18.462514990562855
558	18.214261139223304
559	17.952505029406733
560	17.676408336482268
561	17.393299003836862
562	17.113034765849466
563	16.820192125972024
564	16.522678155534688
565	16.219214243440017
566	15.905786180480105
567	15.592521475746159
568	15.275865698731579
569	14.954082872294384
570	14.625586226786552
571	14.29776769582736
572	13.962388478974148
573	13.630354802943941
574	13.298817674604186
575	12.961427137491803
576	12.628234990871553
577	12.299914460508504
578	11.970949112142241
579	11.649926229114822
580	11.329744538237458
581	11.011210685603539
582	10.698470820016523
583	10.384579624194213
584	10.072024392446126
585	9.760640475341116
586	9.452919726614804
587	9.142826498672253
588	8.839231377028188
589	8.535484914503579
590	8.235561658363714
591	7.939313066777662
592	7.64968734528932
593	7.364206087483314
594	7.083727817758871
595	6.81201716945701
596	6.545521679140367
597	6.290798586606639
598	6.042515310944753
599	5.80157300560242
600	5.567889930586085
601	5.339639675196535
602	5.1182201908401375
603	4.900825047161493
604	4.68840440618521
605	4.479255677654865
606	4.276556728978469
607	4.079636786767945
608	3.8878615842822235
609	3.7028145050554886
610	3.523333003697233
611	3.3497416746282243
612	3.1817068368893477
613	3.018520152508788
614	2.8625369346749507
615	2.7121654566568676
616	2.567731717699241
617	2.4297647097951858
618	2.298121459846051
619	2.1730394680683616
620	2.0525812872293767
621	1.9375783943824518
622	1.8266523755972257
623	1.7207942980856754
624	1.6197060637869594
625	1.5233325839572887
626	1.4321198381137497
627	1.3450597539610594
628	1.2624529694577047
629	1.1842561101063596
630	1.110216248843302
631	1.0398535297645028
632	0.9730849060751345
633	0.9104640585117939
634	0.851390872416392
635	0.7962927559687386
636	0.7443135058867665
637	0.695379562253301
638	0.64950068109331
639	0.6063893864401529
640	0.5659257675104225
641	0.5278815407426317
642	0.49219791582391426
643	0.45854179145411655
644	0.4269788431861925
645	0.397588482552542
646	0.3700787353728662
647	0.34431541690266954
648	0.32001597625894457
649	0.2972384265180683
650	0.2758884950057476
651	0.25597511750659735
652	0.23734012901450174
653	0.2200332084284561
654	0.20403150894549194
655	0.1891952243138188
656	0.17544674581241412
657	0.1627874683874163
658	0.1509729825801663
659	0.1400813080719211
660	0.1299625663957517
661	0.12059913099598753
662	0.11198933344726975
663	0.10404025108662548
664	0.09669221451489432
665	0.08986727271393888
666	0.08351115216832168
667	0.07758567199467276
668	0.07206263141593873
669	0.06692630764105914
670	0.062173758745246575
671	0.057766841985322774
672	0.053638758965948295
673	0.04979476641949104
674	0.04620570856294087
675	0.04287007986592143
676	0.03974977683555181
677	0.03686737089960268
678	0.0342123642033013
679	0.03175328807358309
680	0.029481098236792357
681	0.027383080777229684
682	0.025440356869813847
683	0.02363650113020154
684	0.021969897394658183
685	0.02043559007688292
686	0.019008747730053236
687	0.0176961975154959
688	0.016483088464754783
689	0.01537037513860969
690	0.014328215702646974
691	0.013357668129648127
692	0.012456514189362868
693	0.011619181628752407
694	0.010838942883798311
695	0.010115228882071807
696	0.009441019516585693
697	0.008806664468915999
698	0.008214061097249774
699	0.007663878473375333