421	1.3555880550994794
422	1.3939472983607266
423	1.435979798464767
424	1.4813536921668269
425	1.5296046906962737
426	1.5801779974539134
427	1.6321801074418294
428	1.6848719858492973
429	1.7338157150286555
430	1.7851465507877189
431	1.8392240626251724
432	1.899399285059701
433	1.9620581860574355
434	2.027652051665198
435	2.0963319655537003
436	2.1669881209843243
437	2.24095361272384
438	2.3143142615541077
439	2.3901844184437064
440	2.4674346637968463
441	2.545975179255733
442	2.63092892269658
443	2.7232557164460194
444	2.8158343325392616
445	2.9081288056498096
446	3.0005930866030455
447	3.0929485538877572
448	3.1852350983172264
449	3.280927799934822
450	3.377484444631455
451	3.4756077048625365
452	3.578360462445353
453	3.686943802570361
454	3.802146418994185
455	3.91909164093397
456	4.038619051555692
457	4.159840634955898
458	4.281041454376267
459	4.403881990440634
460	4.525623066753995
461	4.651912126173628
462	4.780996793024408
463	4.90933041734279
464	5.041641651369778
465	5.179458316480522
466	5.317244758047854
467	5.457478615936662
468	5.595853634947228
469	5.734848855349536
470	5.876583073273556
471	6.023162381467013
472	6.173225584371241
473	6.32799334300435
474	6.493846908260163
475	6.659718456310826
476	6.831677097899915
477	7.001759014464431
478	7.167532900132734
479	7.332028754720765
480	7.490566499929959
481	7.647768231919751
482	7.809055995130953
483	7.969429137675717
484	8.129282296484677
485	8.295263524450947
486	8.464456192239917
487	8.634834688672191
488	8.807815239569358
489	8.979467954597357
490	9.156633689554988
491	9.33204055962265
492	9.508913250712286
493	9.684166489846985
494	9.860978198969063
495	10.037376549811887
496	10.216818862862207
497	10.396485901284422
498	10.572218917112444
499	10.744152679593752
500	10.910121431385981
501	11.072115962429605
502	11.229414360499279
503	11.384295018329892
504	11.53540898516441
505	11.685806455417532
506	11.836152060215946
507	11.98877381457311
508	12.13975486643714
509	12.284901944168466
510	12.427730499128936
511	12.56947145104476
512	12.70927113408408
513	12.846344419872068
514	12.975293403227829
515	13.10301126685476
516	13.219517979360193
517	13.32977875657769
518	13.433439825603902
519	13.532907822877045
520	13.624329560001405
521	13.710718475328136
522	13.787557509828089
523	13.862125046048495
524	13.936644508172803
525	14.000124761894643
526	14.058679467859648
527	14.111922143392443
528	14.163103894854203
529	14.21198795465764
530	14.258438357192732
531	14.293739730825752
532	14.322297299744301
533	14.339687942932754
534	14.340674439047929
535	14.326945510567379
536	14.298317721134008
537	14.251325963388561
538	14.19261638256556
539	14.126464398925904
540	14.056446982254013
541	13.981711225980602
542	13.905299794562566
543	13.820497243966416
544	13.736761736933165
545	13.649915362704151
546	13.56083224538222
547	13.469870656305192
548	13.382850796266098
549	13.293669226688593
550	13.200239403060722
551	13.102425429736956
552	12.994142607350684
553	12.873134940328672
554	12.74265794921178
555	12.596983316929629
556	12.441534521153331
557	12.274984086537765
558	12.104302812118407
559	11.922835057474785
560	11.734575573000804
561	11.53681685531726
562	11.33651917862958
563	11.131284324562076
564	10.92247924654118
565	10.711451933550498
566	10.496331634858244
567	10.27762356006404
568	10.057182430244575
569	9.83501104322237
570	9.612260763083976
571	9.38931710876705
572	9.163327553987616
573	8.939559223143075
574	8.71840603205
575	8.496032891005534
576	8.276414010595868
577	8.0575863222093
578	7.841712802783295
579	7.629303654503769
580	7.416041306052539
581	7.203227470183083
582	6.992870701806375
583	6.780705161128062
584	6.570560611668
585	6.359824480932937
586	6.151650798201577
587	5.943303607148689
588	5.737386471652917
589	5.532867299270894
590	5.3307293796277015
591	5.1313094253370615
592	4.935491931260497
593	4.74497944195452
594	4.558521533779088
595	4.378627992109077
596	4.2038719516568515
597	4.035158043502832
598	3.871943584575133
599	3.7139990876144178
600	3.5618432646835427
601	3.4127197843533197
602	3.268431539952706
603	3.127997468363194
604	2.9908719293945105
605	2.8565990001360535
606	2.7271692497888895
607	2.601482191774845
608	2.47918795087697
609	2.3601225116943225
610	2.2452183868564037
611	2.1333541422709694
612	2.025144487673273
613	1.920455570123175
614	1.8202646503105928
615	1.7241267282015855
616	1.631915503741558
617	1.5436977825124165
618	1.4593149541657355
619	1.3785175824704823
620	1.3009415497631052
621	1.2263770457141505
622	1.1553037089546814
623	1.0873953965163952
624	1.0228295841592017
625	0.9614854061004553
626	0.9032110229784793
627	0.8480733078589556
628	0.7958379750327078
629	0.7462909883932954
630	0.6993337090458444
631	0.6550397985802916
632	0.61324676860807
633	0.5739079104270127
634	0.5369238103328123
635	0.5022400633734596
636	0.4695044444035641
637	0.43875380201465075
638	0.40991690126652824
639	0.3828104065719522
640	0.3573135391380092
641	0.33328638602562116
642	0.3107403077411444
643	0.2895786167024569
644	0.26967145526231406
645	0.25107764857635706
646	0.23367790794028617
647	0.21734401028422048
648	0.20205398867767413
649	0.18773146882304484
650	0.17435301738610282
651	0.16189558428983666
652	0.15024151425270643
653	0.13938560872122957
654	0.12932301332603816
655	0.12002182754223213
656	0.11139973915101248
657	0.10343862137058918
658	0.09603078269653186
659	0.08919468514912814
660	0.0828978068164123
661	0.07705425818420515
662	0.07162421443308396
663	0.06661346644833235
664	0.06198060135522199
665	0.05767884177126
666	0.05366556739062286
667	0.04993882252527963
668	0.04643762523357833
669	0.043176515353974675
670	0.04015649637532591
671	0.03734976474334021
672	0.03472448201028978
673	0.032278609661965024
674	0.029991607921351523
675	0.027876443827469063
676	0.02589659880419007
677	0.024052237407643704
678	0.022355681715546357
679	0.020786558131154473
680	0.01932738606552264
681	0.017979790880727795
682	0.016734342003856057
683	0.015581507220287387
684	0.014517316069320727
685	0.0135280708289262
686	0.012609605820080007
687	0.011765332289925748
688	0.010980121713382161
689	0.010256396664652013
690	0.009584768003342327
691	0.008958009639349599
692	0.008372920582102716
693	0.007828891340831506
694	0.007322241257440516
695	0.006850146044960916
696	0.0064053157548799745
697	0.0059861089214318765
698	0.005595762569777942
699	0.005231130702772282