421	1.2090695397063569
422	1.2329105727398226
423	1.262520976114409
424	1.2951097525258577
425	1.3282273440674637
426	1.3663687979556665
427	1.4042913847518823
428	1.4439594120686592
429	1.481626538184869
430	1.519324688976953
431	1.5595543850521463
432	1.6039933928665715
433	1.6538987702821157
434	1.7025420767362687
435	1.753248654010403
436	1.8069686939382503
437	1.86392037729509
438	1.918069168255356
439	1.9767199683997145
440	2.034139392247216
441	2.0928949781644657
442	2.1569418770514486
443	2.2249860026449544
444	2.292263814553941
445	2.363422703417384
446	2.431380518932332
447	2.499560145110452
448	2.5683804753111588
449	2.639177552459871
450	2.7106648564990365
451	2.78449530626906
452	2.8582119876662384
453	2.9391198964796446
454	3.0276819922172398
455	3.117158228206718
456	3.210590407318376
457	3.3029367422732645
458	3.3944912948209245
459	3.4868074650806866
460	3.5764839486312816
461	3.6704036491448724
462	3.766054762122536
463	3.860646069909603
464	3.9585685326780844
465	4.063850193639015
466	4.166302341457272
467	4.268015288112744
468	4.368039808003902
469	4.46683762021793
470	4.568777153153679
471	4.6809921766113085
472	4.793944389992091
473	4.914972460072167
474	5.046787804197805
475	5.181498788100819
476	5.321077916621081
477	5.455729214724488
478	5.585154209577801
479	5.713077600489266
480	5.838115897186736
481	5.962051662991505
482	6.090391655482592
483	6.2145208364452165
484	6.343040971354554
485	6.471037547130434
486	6.608344982841431
487	6.743816018967428
488	6.883898810082354
489	7.0177331177197075
490	7.165817707791733
491	7.306432902768983
492	7.452320675917975
493	7.598546283819585
494	7.7476971607949725
495	7.894027328058204
496	8.045601534206483
497	8.194890529740741
498	8.345018807807122
499	8.491164947809201
500	8.634515569309196
501	8.772186314884976
502	8.9059645686484
503	9.043461405342843
504	9.182184280990096
505	9.321331895045594
506	9.456164789784586
507	9.596812264098896
508	9.739509042023357
509	9.884590699604203
510	10.024320764844298
511	10.167537137057264
512	10.310101849719382
513	10.45085953990187
514	10.588951831597527
515	10.728369620144472
516	10.852207816586317
517	10.971688480607863
518	11.086738587998136
519	11.205693505486927
520	11.319649602284978
521	11.427260380705382
522	11.531887996361926
523	11.639636847825658
524	11.744981475082417
525	11.848476803641507
526	11.949100178706177
527	12.049042832089805
528	12.14732722230994
529	12.25594886980516
530	12.359718365145614
531	12.455744936231302
532	12.548116167521592
533	12.624861561481858
534	12.691526813454217
535	12.748433817006706
536	12.796835539455886
537	12.831661823133276
538	12.850032290882044
539	12.859874017221536
540	12.869692639899329
541	12.87502817982127
542	12.880178847973125
543	12.869157145616137
544	12.854154207422763
545	12.837628283785321
546	12.825149407588825
547	12.810217365046029
548	12.794837297353903
549	12.778113165295276
550	12.752922068734978
551	12.723693996142702
552	12.685972977848895
553	12.636302058834872
554	12.576433204626344
555	12.502500072666042
556	12.418663379716
557	12.331988291155351
558	12.239706817803178
559	12.136572019807183
560	12.020399490397738
561	11.891486514113296
562	11.757728157240606
563	11.61908072647283
564	11.474128000988884
565	11.3235220739396
566	11.16866516772512
567	11.006766854902345
568	10.842017206321788
569	10.67586317872262
570	10.506403996544135
571	10.332596092762222
572	10.151979519980559
573	9.973047507526259
574	9.791574298828523
575	9.609879113287313
576	9.425300534195411
577	9.242086728892074
578	9.05964563413324
579	8.873288487713324
580	8.684569053759832
581	8.491189769068125
582	8.296526384506832
583	8.09647047496169
584	7.895641292502724
585	7.690595520346068
586	7.486448704736703
587	7.27924321014012
588	7.0720865570808265
589	6.862506046163703
590	6.653175136895135
591	6.443733627020515
592	6.23916198782618
593	6.037088740064726
594	5.837397985944622
595	5.643657217720411
596	5.455846907268179
597	5.27100945027515
598	5.092628327476415
599	4.9175788875800865
600	4.747539141356337
601	4.580346023571622
602	4.418517846857089
603	4.259225266905136
604	4.105152768196714
605	3.9533300863730405
606	3.8051005914697758
607	3.660090721011909
608	3.5174777553795646
609	3.3763736959923643
610	3.239641021739494
611	3.104710543294824
612	2.9733034206233833
613	2.8444890804933096
614	2.719635391476774
615	2.598295827921955
616	2.4803252425525377
617	2.3655906561573605
618	2.2532358038765894
619	2.14524814189883
620	2.0403205400479143
621	1.9379361136574424
622	1.8387150962516674
623	1.7427948331571241
624	1.650966370969981
625	1.5628777189082683
626	1.478207053707737
627	1.396962416267237
628	1.3195141075926362
629	1.245059268746495
630	1.1740235294488246
631	1.1066383548391447
632	1.0424385535935834
633	0.981243956621376
634	0.9237077536372951
635	0.8691614324164912
636	0.8174997991276319
637	0.7684172864793044
638	0.7218943760725103
639	0.6777451406700971
640	0.636090448458569
641	0.5965173377959901
642	0.5593565211289584
643	0.5241480744346237
644	0.4907778322271922
645	0.45936164944729124
646	0.4297947366535035
647	0.4017420238673772
648	0.3754847636884156
649	0.3507764538516471
650	0.3275405743369626
651	0.30579743365773293
652	0.2854344624129539
653	0.2663704315942325
654	0.24852719508909432
655	0.23187769712561365
656	0.21631063996895306
657	0.2018219704741267
658	0.1882908093905987
659	0.17563217867287195
660	0.1639080171654212
661	0.15293327785029848
662	0.14263726824459314
663	0.13308348753006444
664	0.12417125737315902
665	0.11582565287445662
666	0.10803010352655211
667	0.10074865004494658
668	0.09391645373145123
669	0.08758235145828346
670	0.08170230280568794
671	0.07621053626796356
672	0.07105158190239882
673	0.06625039794513578
674	0.061757052298066446
675	0.05758392674845337
676	0.053670516954865626
677	0.05000963382065925
678	0.046626098060633
679	0.04347628575877429
680	0.04053926435655523
681	0.037804744038675925
682	0.03526370555664775
683	0.03287850864004774
684	0.030671734780667596
685	0.028621068081841863
686	0.026706464263669134
687	0.02493329231840804
688	0.023279511347715602
689	0.021742798134273766
690	0.02031717620381891
691	0.018983789864409614
692	0.017741883756190988
693	0.016581826834317758
694	0.015501536067931282
695	0.014491930167582733
696	0.013542942782254142
697	0.012649641953071028
698	0.011819794748917107
699	0.0110424767360781