421	1.2437215162854853
422	1.264031244532685
423	1.289721005749004
424	1.3212416346478593
425	1.353894112035626
426	1.3891707109131253
427	1.428457536362667
428	1.4686951331880114
429	1.505971338759023
430	1.546884142790705
431	1.5910454227106807
432	1.6398255863974975
433	1.6910348718209283
434	1.7423584628336093
435	1.796510204592224
436	1.8523919626299488
437	1.911379691035431
438	1.9702553449963445
439	2.0317477771079107
440	2.0945783586767392
441	2.1548994460853192
442	2.2215863354093996
443	2.2965442290215785
444	2.368200224465699
445	2.4422083759521556
446	2.5153037536381078
447	2.5922340907745975
448	2.668607875728319
449	2.74949025882994
450	2.8291915669995933
451	2.9099927363979017
452	2.9920315924777188
453	3.0789912217901576
454	3.170857096651944
455	3.264635596158732
456	3.359262218115618
457	3.4532889744779376
458	3.548710629883439
459	3.647938862549514
460	3.743585521697195
461	3.841436282952477
462	3.9411704761678124
463	4.037929750887651
464	4.137105953835808
465	4.246297625509423
466	4.356169793284981
467	4.468904886367329
468	4.577956513507734
469	4.68245246710657
470	4.796723373814629
471	4.914767400635338
472	5.030596750650528
473	5.1463250402183345
474	5.275996319653289
475	5.400374796570165
476	5.530726800130956
477	5.662102265928294
478	5.790873124054737
479	5.915809673553479
480	6.0399193385097805
481	6.163099462116471
482	6.293188277960405
483	6.417951881963347
484	6.537130819876619
485	6.666958159464657
486	6.8018096016237
487	6.935912885656617
488	7.074493391299963
489	7.207603374687628
490	7.3454643627564495
491	7.476541976693427
492	7.613127370618673
493	7.7481314300177
494	7.882784778352672
495	8.018667682504116
496	8.157251674596058
497	8.300457619051457
498	8.437748824450308
499	8.57123904826131
500	8.69394301541415
501	8.825006866375668
502	8.960145195726291
503	9.099686834251065
504	9.234142080789974
505	9.364442519541111
506	9.488125070944186
507	9.621709120407859
508	9.754131737512486
509	9.880643178006077
510	10.004348469482105
511	10.131451737578974
512	10.260105505938581
513	10.388981175150656
514	10.504717028585867
515	10.617888436465428
516	10.721210918182507
517	10.825764579052665
518	10.929584426790191
519	11.039804479448991
520	11.148250831713685
521	11.249466348278052
522	11.344307055740716
523	11.439842861780072
524	11.532863838622749
525	11.619338651184997
526	11.702902747563263
527	11.790352326533935
528	11.88130578083268
529	11.972356671226684
530	12.061833708573548
531	12.131417520746082
532	12.203309076146754
533	12.261174636650958
534	12.311360428170563
535	12.359080227882682
536	12.399035254577019
537	12.431048819674771
538	12.452248652415701
539	12.472908231970829
540	12.49163527118839
541	12.497383221329907
542	12.49989705821424
543	12.487588639208392
544	12.478427482312592
545	12.456927119468716
546	12.444491374936991
547	12.425736248147212
548	12.403672596989797
549	12.379846537394798
550	12.353326084695416
551	12.323321860522334
552	12.281665643703434
553	12.225287204159846
554	12.162707677149307
555	12.096997524566458
556	12.023476583454505
557	11.945493315501873
558	11.868671398140675
559	11.779417494624278
560	11.679325271389038
561	11.5665966582397
562	11.44336370059248
563	11.31277515898289
564	11.177732880409138
565	11.031421104040334
566	10.886878561135706
567	10.738273273098287
568	10.582471864772023
569	10.425349227243895
570	10.26319416040641
571	10.09865587585496
572	9.923009291938103
573	9.744660438414998
574	9.564279901224559
575	9.383013183580127
576	9.202367766106246
577	9.018160788426869
578	8.840536363391982
579	8.66339596668452
580	8.474967796883906
581	8.288024730986326
582	8.09656126673598
583	7.901661697957052
584	7.705808726976829
585	7.506878897356375
586	7.309093794970079
587	7.111237351363349
588	6.912271925522253
589	6.713287431303053
590	6.51513371866465
591	6.318987063194544
592	6.1220689538365285
593	5.932893161331816
594	5.742966072601201
595	5.555186424020756
596	5.369668145060014
597	5.187407744055707
598	5.01135044563038
599	4.840723633103068
600	4.673220739639471
601	4.507555058158335
602	4.348022348588366
603	4.192274294653647
604	4.037971852022305
605	3.886514271268165
606	3.737766552962757
607	3.5922124259686483
608	3.4499940132954983
609	3.310373273002022
610	3.1750848891166084
611	3.040241437286483
612	2.907890154453323
613	2.7793167736167366
614	2.6558232979255796
615	2.5357176705876143
616	2.4195350110738825
617	2.3068710565323736
618	2.1975415930606093
619	2.092118348459853
620	1.9891162586834679
621	1.8889636944820636
622	1.7923360492128069
623	1.6989093809298077
624	1.6098164575056895
625	1.5247022934705514
626	1.4426899899097905
627	1.3643700417661606
628	1.2891147772691436
629	1.2165472693844255
630	1.1467891296397916
631	1.080540645145275
632	1.017462052978018
633	0.9574443446261603
634	0.9004605587320357
635	0.8467065328140888
636	0.7955229382727858
637	0.7467718356141809
638	0.700478978343196
639	0.6563624504520285
640	0.6145357814211612
641	0.5749909806712414
642	0.5379457706903396
643	0.503246843748458
644	0.47041632191161276
645	0.4394591934446451
646	0.4104499331752504
647	0.383190739970444
648	0.3576729408756178
649	0.33370464361216573
650	0.3112195478274812
651	0.29028927663825727
652	0.27079207036678865
653	0.25257512739084165
654	0.23549233848354986
655	0.21950343693583194
656	0.20461992453388422
657	0.1907186501385761
658	0.17773776539972408
659	0.1656298422352531
660	0.15439538325343657
661	0.14387920496412895
662	0.13403244823086027
663	0.12491342592513636
664	0.11637615496047027
665	0.10838054716869151
666	0.1008989584012328
667	0.09391512539201237
668	0.08738562539504421
669	0.08128256037620114
670	0.0756419059014084
671	0.07039658194752878
672	0.06552235129153146
673	0.060966655365862696
674	0.05671781019069083
675	0.05278155220351858
676	0.04910656013735169
677	0.045704212372827416
678	0.04254726801181722
679	0.03961750823749886
680	0.03688415887003087
681	0.03433310983470919
682	0.03197175513194835
683	0.029771216274253554
684	0.027722772904213426
685	0.0257967580068714
686	0.024014400434361028
687	0.022364727751310168
688	0.02082910514698955
689	0.019405588942485497
690	0.018084210040508676
691	0.016856192990395466
692	0.015717921510126
693	0.01466176643675524
694	0.013684246627210362
695	0.012764883347974798
696	0.011901093158608322
697	0.011094668960161607
698	0.01034882168511177
699	0.009649801168348448