421	1.1270903251179816
422	1.1680171738598513
423	1.2120913894877048
424	1.2546622051855523
425	1.3020041049961293
426	1.3503584086157696
427	1.3994236788574659
428	1.4491719320701322
429	1.4972746333169544
430	1.5453177522250405
431	1.5980330575655222
432	1.6541240289048498
433	1.7118031307468675
434	1.7711485794518838
435	1.8353022861225459
436	1.8988224992954947
437	1.9664273057016848
438	2.033374435076785
439	2.0985670109003576
440	2.1687746324441046
441	2.242637805367076
442	2.319523098515404
443	2.400581904319174
444	2.485810113369419
445	2.5679676386720054
446	2.650923774745139
447	2.7347646561803987
448	2.8170887142494925
449	2.901747838075356
450	2.9894893912372162
451	3.0806828840266722
452	3.176946910697161
453	3.27671025981927
454	3.381432936073253
455	3.489591569934295
456	3.5998806219024115
457	3.7118044850247283
458	3.8203776266724776
459	3.9307338281657476
460	4.044606323393488
461	4.159130668798205
462	4.28230144149023
463	4.405389128805143
464	4.532781579987769
465	4.659689286751759
466	4.7862893694905395
467	4.916905297313565
468	5.047855329961531
469	5.179395360912523
470	5.315328262069718
471	5.455032195713633
472	5.60444747363202
473	5.753822007688099
474	5.9131306344237045
475	6.079309564955064
476	6.2447777122086805
477	6.410902884673053
478	6.571833557375207
479	6.7392366855187955
480	6.891554887217736
481	7.042174675603305
482	7.19451426819686
483	7.347802959634671
484	7.506772862533683
485	7.667500802425906
486	7.835728549680754
487	8.006586053907593
488	8.181301787209815
489	8.353731845831419
490	8.528388662681293
491	8.706228907472966
492	8.88318939986558
493	9.060256301589398
494	9.248106233180438
495	9.434760185924791
496	9.627275022817686
497	9.81960579254475
498	10.003738548002326
499	10.183622936307001
500	10.359846699864073
501	10.535481421012589
502	10.701683068558035
503	10.866805543178918
504	11.02455285408598
505	11.187027229209997
506	11.358201603730173
507	11.525279285076547
508	11.70082833738114
509	11.871693811698567
510	12.043195460493447
511	12.214068447579768
512	12.389448753551541
513	12.557340730389452
514	12.721666076320597
515	12.881531988388126
516	13.038091904111335
517	13.18901380016611
518	13.34073503701206
519	13.482777659999094
520	13.622076279538668
521	13.749008114662225
522	13.871179388100964
523	13.991343362046615
524	14.103656060963738
525	14.2165955834196
526	14.333270967089833
527	14.447963047605045
528	14.562912750118544
529	14.676322841203897
530	14.788126727273944
531	14.892547962711562
532	14.986175739177597
533	15.068935687328539
534	15.141840961493887
535	15.19839765988166
536	15.23970410154911
537	15.273668198139779
538	15.291364578391839
539	15.299799580640233
540	15.301210167292394
541	15.30188436314217
542	15.292576698073075
543	15.27856629849864
544	15.261417245723601
545	15.24094604029243
546	15.220382139825846
547	15.18793981677544
548	15.162848234341455
549	15.138786005204642
550	15.103758890666025
551	15.064220733148124
552	15.008491800673022
553	14.945045556508715
554	14.862162480846992
555	14.769723292819501
556	14.665629094696305
557	14.554088643886603
558	14.433444144903579
559	14.296556305611162
560	14.153200354314619
561	13.996256039315327
562	13.831204233754338
563	13.659391351575012
564	13.48011417512277
565	13.30003028435896
566	13.106454206958398
567	12.907325895196779
568	12.707830793261644
569	12.501198997480811
570	12.292755761416695
571	12.07985260130876
572	11.860273928529088
573	11.6392140706569
574	11.423659542469725
575	11.20304215446477
576	10.982029390837994
577	10.757915887832349
578	10.533430381284708
579	10.308285903049715
580	10.083175267079463
581	9.85345488610735
582	9.619516403976242
583	9.38531875460677
584	9.146667923292304
585	8.908591024738923
586	8.668865754276192
587	8.42546068369264
588	8.180143449891306
589	7.934506219932385
590	7.690389323250731
591	7.447220987914629
592	7.207595113902985
593	6.970847698644518
594	6.739824649896788
595	6.514389928141355
596	6.291453356701134
597	6.073918576481934
598	5.860770841307998
599	5.654558482152609
600	5.453427719301969
601	5.256189200207797
602	5.0646280567402515
603	4.8774838873946464
604	4.693859229911017
605	4.5147135674696965
606	4.338770735498113
607	4.166820982349875
608	3.9980846515589725
609	3.8329017322809027
610	3.6726002881578457
611	3.5167960533713383
612	3.3640693380575555
613	3.2148056318848317
614	3.070598912057448
615	2.9299771859318153
616	2.7940544339915876
617	2.6618816470567617
618	2.5347154470145767
619	2.4108111913663604
620	2.290648482515645
621	2.1745166374487566
622	2.0622557653473335
623	1.9541061065574437
624	1.8499436305814756
625	1.749696158696851
626	1.6538389567681038
627	1.561823620110632
628	1.4738494968386606
629	1.3894536064519203
630	1.309040608799365
631	1.2322821396347146
632	1.1595489643725476
633	1.0904629261459295
634	1.0250154000395086
635	0.9632702792169336
636	0.9047035380830508
637	0.8492166606303913
638	0.7969174533126089
639	0.7473526826302314
640	0.7006221635689865
641	0.6563358477902439
642	0.6147502479984958
643	0.5754107171718064
644	0.5382188453316117
645	0.5033448003798187
646	0.47049621851658663
647	0.43952925569681073
648	0.41042195923612423
649	0.3832028579133563
650	0.3575732221552911
651	0.33352861559283487
652	0.3110084275834489
653	0.2898137890315256
654	0.2701181636842115
655	0.251734453547521
656	0.2345965505049467
657	0.21866489471660588
658	0.20374165713275147
659	0.18987608487340074
660	0.17697665223438291
661	0.16491396786022647
662	0.15365670950647078
663	0.14317311612536573
664	0.13342286298919612
665	0.12437482134871039
666	0.11595420497131985
667	0.1080674911461348
668	0.10071808595367969
669	0.09384705487601094
670	0.08745593174282006
671	0.08147670065180346
672	0.07587868070553681
673	0.07065553222490636
674	0.06580002735714863
675	0.06126339948485492
676	0.057050090360872
677	0.053129781772651596
678	0.04946424644263887
679	0.04606796136798563
680	0.04291116420612964
681	0.03997195110145833
682	0.03723907177291384
683	0.03469772294551803
684	0.03234741310870609
685	0.03015054344091989
686	0.028109841528051502
687	0.026217457179148793
688	0.024454786950182605
689	0.022810203888940568
690	0.021282408448187688
691	0.01986491427342575
692	0.018536295428199515
693	0.017298402765621817
694	0.016145156169361158
695	0.015074120483383444
696	0.014070403110790032
697	0.01313213945649592
698	0.012258859634878917
699	0.01144422319055246