421	0.9657583901284745
422	0.9911054254600434
423	1.0183245213119654
424	1.0476217434745558
425	1.0783284969016431
426	1.1117657379089443
427	1.1459016260139687
428	1.1801961668544192
429	1.213547185375377
430	1.2471467224235304
431	1.2834850514740586
432	1.3215447687490143
433	1.3602309690409047
434	1.4003133742989355
435	1.4456478640833688
436	1.4880811143071362
437	1.534836712154487
438	1.5829186636738304
439	1.630210619300087
440	1.6773085349961552
441	1.7280264989496863
442	1.780186823325709
443	1.8367299361870437
444	1.8959837538186386
445	1.9524121377276416
446	2.0097985649825976
447	2.06871338894944
448	2.1239461248974747
449	2.182431006306599
450	2.243578734397719
451	2.302185230677722
452	2.363919789042679
453	2.432335023990621
454	2.5059674033950894
455	2.5801727623564017
456	2.657779609898089
457	2.733523594613544
458	2.8080899174200895
459	2.8875037070918603
460	2.965058889281036
461	3.044307703148812
462	3.128388658093304
463	3.210985309105011
464	3.2938308031349184
465	3.384390740384826
466	3.473680521574634
467	3.565768182736301
468	3.6530067318689996
469	3.7403312518842498
470	3.8344933088391597
471	3.9278318764136664
472	4.02894891443494
473	4.131079353311032
474	4.2481530207019995
475	4.363186550513138
476	4.483512865837045
477	4.604739674562517
478	4.720888555808484
479	4.834784499108507
480	4.944851223421076
481	5.0515048468791175
482	5.160094343754786
483	5.264423027226373
484	5.377563846223773
485	5.49547988660632
486	5.619222241708584
487	5.741155694373153
488	5.863382930369219
489	5.989155361712639
490	6.1142995205887285
491	6.243509877783222
492	6.3748566420381305
493	6.506763936408154
494	6.640590707991334
495	6.780056035938733
496	6.919546899828238
497	7.057733086340779
498	7.194780487170758
499	7.327501016335172
500	7.458847544674193
501	7.587583974567525
502	7.715580178197994
503	7.845366002657726
504	7.967304971526395
505	8.088491838780135
506	8.211291249836872
507	8.343234985529158
508	8.47314250967363
509	8.598145488601565
510	8.725046241412858
511	8.864967909631833
512	8.99647776799284
513	9.130100976594242
514	9.256831178313021
515	9.383868561918682
516	9.50380226279816
517	9.61820169297868
518	9.736527987372355
519	9.846108614578194
520	9.950219757631457
521	10.04914227803202
522	10.15022767185848
523	10.254417903211774
524	10.348755502531558
525	10.445439393677988
526	10.539463293314085
527	10.63449165446904
528	10.7312586202556
529	10.829551045173218
530	10.930627634244619
531	11.021882901628732
532	11.115152202570927
533	11.202998668573024
534	11.278328627791696
535	11.344709110170944
536	11.400874920787166
537	11.444434718664203
538	11.477270853955924
539	11.504738518993028
540	11.524303437333334
541	11.537221762145323
542	11.541512879455054
543	11.53992871802395
544	11.542956474850575
545	11.54092515618775
546	11.53533569995048
547	11.530036665564676
548	11.526837951101388
549	11.511732311901447
550	11.492118548931384
551	11.473166489125672
552	11.438189999222391
553	11.39953892737026
554	11.353389923903073
555	11.295762586162946
556	11.232592435055258
557	11.158391820853435
558	11.081649809338975
559	10.991022758294456
560	10.890754385369048
561	10.778345863839686
562	10.664565342564135
563	10.545406694100121
564	10.417205567730553
565	10.291076992919141
566	10.153377225849805
567	10.00999804808693
568	9.864273953048793
569	9.713784602421521
570	9.559823444281848
571	9.403136679526193
572	9.243663654685834
573	9.082036579338107
574	8.923973843769936
575	8.763606914345662
576	8.603045702201896
577	8.441757485207392
578	8.278010751839041
579	8.116243068913244
580	7.948772710695577
581	7.778809611380707
582	7.609555306540026
583	7.434522703989718
584	7.2555625784503945
585	7.074892074628577
586	6.889750759435401
587	6.703133255038116
588	6.515089289974905
589	6.326148720700787
590	6.136258124711751
591	5.944108892295133
592	5.75583576777417
593	5.571830746422596
594	5.390364587662823
595	5.2122760565318185
596	5.037373860759746
597	4.867787898561468
598	4.701125363491425
599	4.54066933310965
600	4.384781905407622
601	4.231465825373511
602	4.082494597597483
603	3.9376993633792448
604	3.798390580345123
605	3.6618772238595465
606	3.5274056338041917
607	3.3949206464813564
608	3.2642199708501543
609	3.1363813379139933
610	3.010818757031421
611	2.887953592781431
612	2.766933764058691
613	2.648700075444491
614	2.533117455900448
615	2.4208040296583473
616	2.311103106429311
617	2.2032163936334714
618	2.097889886478017
619	1.9958030670224882
620	1.8974514093770916
621	1.8021222921102156
622	1.7096944366436724
623	1.6212206061451302
624	1.5356234901442405
625	1.453657743891845
626	1.3753909176193508
627	1.3000654561064637
628	1.2277141091378907
629	1.1588224392677668
630	1.093456521383711
631	1.0306634675302278
632	0.971034477373676
633	0.9143887175839325
634	0.860916594666402
635	0.8102873754313873
636	0.7620549679229294
637	0.7165280374614045
638	0.6731632351773504
639	0.6320535943055735
640	0.5932846740047453
641	0.556669996609774
642	0.5220059945426175
643	0.4891390596263383
644	0.4581916810623541
645	0.42909243364689437
646	0.40165727685954633
647	0.37564948281305627
648	0.3512112489703956
649	0.32817092057350633
650	0.30649848180590394
651	0.2862127018230317
652	0.2671112907176976
653	0.24924552485623022
654	0.2326299192440716
655	0.21711463909375775
656	0.20256877115266117
657	0.18903223191363344
658	0.1763627435433393
659	0.16456734220082694
660	0.1535837545875341
661	0.14333859040335994
662	0.13375167168023452
663	0.12484933500247733
664	0.11655503031969834
665	0.10883931882215866
666	0.10160276632519237
667	0.094822131809258
668	0.08846018429117737
669	0.08251694797446112
670	0.07696876359233262
671	0.07179301740471848
672	0.06694496267679095
673	0.06240352189481304
674	0.058171632058576755
675	0.05423697888630367
676	0.05053999712102311
677	0.04709623199187719
678	0.04389474230301247
679	0.04091795678257391
680	0.03813996617297614
681	0.03555189473637145
682	0.03314863525564547
683	0.030917443268613485
684	0.028842078258710827
685	0.026906005426386142
686	0.025107595377524806
687	0.023437015035106527
688	0.021877948493161697
689	0.02043584002963684
690	0.01908690687834526
691	0.017834757061273805
692	0.0166669210605077
693	0.015577260536331187
694	0.01456171279069101
695	0.013615261736022547
696	0.012729890485242229
697	0.011897133984311317
698	0.011122038142082109
699	0.01039660766361184