421	1.1939632722029028
422	1.21844872618572
423	1.248890965605306
424	1.2832191733803404
425	1.3196683317721425
426	1.3570693877255076
427	1.3961595516377259
428	1.4353630013482814
429	1.4719773138378118
430	1.5102288498609353
431	1.5509650226315879
432	1.5959253597700225
433	1.641818026028911
434	1.6915795085969147
435	1.7423817300995295
436	1.7971193885609509
437	1.85222925402403
438	1.905232408763599
439	1.9635043031013488
440	2.020946697811216
441	2.0779428544069254
442	2.1421878678843025
443	2.2106657753070222
444	2.2772765997326667
445	2.3463038774561107
446	2.4136042325001976
447	2.48115762589188
448	2.5501463878581108
449	2.6202937387090466
450	2.6907377059717286
451	2.7632657466266766
452	2.8356368959710956
453	2.916574686329743
454	3.0061141224685968
455	3.0931868185268288
456	3.1851649218573983
457	3.276657190282818
458	3.369189742230132
459	3.464161795300588
460	3.552200658956321
461	3.645613438044933
462	3.742977744171031
463	3.8336570964026793
464	3.9328273074571274
465	4.037669238865246
466	4.1409582615076586
467	4.243895014819325
468	4.346070846848031
469	4.4477106382148985
470	4.553768692742177
471	4.662757892743936
472	4.7718800151982785
473	4.891578481762093
474	5.022844724235875
475	5.155803768482488
476	5.296562888834775
477	5.432488816723132
478	5.563954480399693
479	5.692098671795935
480	5.817047365463384
481	5.933679230667473
482	6.058369164413477
483	6.180318056923515
484	6.30724534214475
485	6.439232856314843
486	6.5791320475780815
487	6.716802965967854
488	6.854897729948391
489	6.989839459821883
490	7.133562342905706
491	7.273300803438328
492	7.417938988137195
493	7.5617445215453225
494	7.712513873191138
495	7.8633367089433985
496	8.015882379971654
497	8.165342572833316
498	8.317907873643682
499	8.462069898144723
500	8.604339200757
501	8.741116100646108
502	8.877634005068717
503	9.01787401320482
504	9.155617346629882
505	9.289505378325725
506	9.430246678829658
507	9.568457407649646
508	9.707588105554633
509	9.84526655504679
510	9.984008723459173
511	10.122232009255498
512	10.264710870675243
513	10.40884172409123
514	10.545198120058423
515	10.683902362137424
516	10.805610738951005
517	10.924692306778912
518	11.044812605670238
519	11.160083087400713
520	11.276879032430994
521	11.38709163850738
522	11.492440408518245
523	11.600332554979325
524	11.711581688312322
525	11.814410224567496
526	11.913773259622923
527	12.01049001795253
528	12.108913024655166
529	12.214311184344588
530	12.319497204686796
531	12.41414377438894
532	12.50186766196276
533	12.577720009799057
534	12.642870857506695
535	12.703735770672745
536	12.7523177094987
537	12.783624333942715
538	12.80184323595785
539	12.809703376569987
540	12.819770117799823
541	12.8210401311553
542	12.819803480411101
543	12.808955671677271
544	12.800909433759719
545	12.78951814449962
546	12.779169002971138
547	12.765876027196402
548	12.747561243573696
549	12.730173965079707
550	12.709089491611582
551	12.685036860811495
552	12.651911125070958
553	12.606902537989352
554	12.550702978377972
555	12.48183637273554
556	12.403411022844045
557	12.315496873159178
558	12.220882431721968
559	12.119100567418432
560	12.000620016542422
561	11.87157090426607
562	11.739908233771265
563	11.596872087523298
564	11.449844178035166
565	11.298114644874815
566	11.138061766782302
567	10.973105877932753
568	10.811783871315916
569	10.642482757935799
570	10.474278914291277
571	10.299832948885872
572	10.120402897460675
573	9.943327459158896
574	9.763765461905646
575	9.583793475846218
576	9.402843521140909
577	9.22051034825524
578	9.038996772139244
579	8.857113711014057
580	8.668337829766042
581	8.474545374728471
582	8.282624725849852
583	8.083286864320206
584	7.884142342949238
585	7.680662224180563
586	7.476798360076025
587	7.271663351890955
588	7.0645874941665445
589	6.855009204535085
590	6.645938389264072
591	6.437752346975997
592	6.231030690408952
593	6.029894767949907
594	5.832219000058941
595	5.637303288106327
596	5.449172157989674
597	5.263553604291023
598	5.083023626312484
599	4.907542817711159
600	4.73643668683849
601	4.568395095815264
602	4.40607740317957
603	4.247747791427083
604	4.093045277179984
605	3.9416468812328525
606	3.7943114204849153
607	3.6497850007358568
608	3.5075308010600086
609	3.3662000681177653
610	3.229452387245952
611	3.0956817758287523
612	2.963933409431173
613	2.835490998216381
614	2.711071058619048
615	2.5902698695361934
616	2.472627099817189
617	2.3583630705072838
618	2.246720433456451
619	2.138904294807473
620	2.033987830201565
621	1.9319685164639868
622	1.8334732313852542
623	1.7381165578517919
624	1.6462780999429067
625	1.5587009493043662
626	1.474677891884357
627	1.3937921565607267
628	1.316611820677537
629	1.2425795938373703
630	1.1716818749548399
631	1.1046043778054968
632	1.0404906883858802
633	0.9798067485248427
634	0.9223602933102482
635	0.8678257733095419
636	0.8161738466786829
637	0.7673151565040962
638	0.7208012190365416
639	0.676625756255508
640	0.6351632400525419
641	0.5957830892084406
642	0.5586473815691199
643	0.5234957920069724
644	0.49022070613769575
645	0.4588770227744431
646	0.42926734631997704
647	0.40136021732249993
648	0.37515830783234383
649	0.35055027781410175
650	0.32728060633481715
651	0.3056779021205619
652	0.2854079500638458
653	0.26627223489673896
654	0.24840499600420887
655	0.2317392528481002
656	0.2162105442127773
657	0.20168818198227273
658	0.1881687339993097
659	0.17552082325836746
660	0.1637864074835482
661	0.15280546544493995
662	0.1425118074205287
663	0.13298145682533216
664	0.124067854154193
665	0.11574968649947284
666	0.10799969282286065
667	0.1007377599781071
668	0.09394629719487733
669	0.08758707587068726
670	0.08170218120865629
671	0.07620606869354157
672	0.07107970995298252
673	0.06626759090471886
674	0.06176962826414221
675	0.05759500250169801
676	0.05368368685359304
677	0.05000894897077782
678	0.04660623899235953
679	0.04344927002118904
680	0.040505620274023664
681	0.03777071139390111
682	0.03522884000111466
683	0.03285400609075749
684	0.030650794065311276
685	0.028588233228110712
686	0.02667301541588649
687	0.024902740913181943
688	0.023247062001049583
689	0.021706013300089547
690	0.020282471943410384
691	0.018951715750924157
692	0.017709232102170423
693	0.016550019543738647
694	0.015467249496145245
695	0.014458244808487432
696	0.013509916723871347
697	0.012618087037314932
698	0.01178689603504481
699	0.011010015612870414