421	1.1962762411892283
422	1.2173696448008788
423	1.2413018929495512
424	1.2690144259012899
425	1.299413022633353
426	1.3333428407945371
427	1.3693737008511284
428	1.4076563603587273
429	1.4434616402241502
430	1.482412120467468
431	1.5226631121948877
432	1.567401404644485
433	1.61624986610148
434	1.6641046723631467
435	1.7139242024701626
436	1.766019718437494
437	1.8232749686841478
438	1.8786666715807168
439	1.9376869367072496
440	1.9971535705640826
441	2.0547204565759802
442	2.117894214011441
443	2.185665869272879
444	2.2529343758288687
445	2.3218088448809513
446	2.3928182411264696
447	2.4614539352189087
448	2.531146026967365
449	2.607752554485753
450	2.6828897688462297
451	2.75803413025094
452	2.836983700058915
453	2.9183382453919404
454	3.006532193669895
455	3.0943209605139392
456	3.1859765419276873
457	3.277480640250298
458	3.370913962545722
459	3.46519683155462
460	3.5565033722451167
461	3.6513471793944676
462	3.7452955497065847
463	3.8357953248353756
464	3.9301220972716813
465	4.032570844620253
466	4.137554341218084
467	4.24158397005233
468	4.344244062572086
469	4.44656759174149
470	4.554260022421549
471	4.664359803750991
472	4.773770393093432
473	4.88379499800361
474	5.009208242489194
475	5.129195475255974
476	5.25666456642537
477	5.382062351858608
478	5.501723840659017
479	5.620251019513508
480	5.737249264487531
481	5.852879889452858
482	5.976525933513244
483	6.095479246544398
484	6.209385738130852
485	6.329740823940599
486	6.457978114179786
487	6.585807589616888
488	6.715198598811799
489	6.840382956162716
490	6.968935562300241
491	7.092286559979034
492	7.222665969551719
493	7.349049693680711
494	7.479229450761146
495	7.612485479324707
496	7.736678252410564
497	7.8717195400390265
498	8.00091751880839
499	8.127652972185109
500	8.244493375083351
501	8.370269040999688
502	8.50078842583825
503	8.633378224455909
504	8.76372915032239
505	8.891194456232862
506	9.016607157849238
507	9.141667104331988
508	9.263811911223016
509	9.391083783051734
510	9.51440883823031
511	9.64034332950012
512	9.76467445352121
513	9.889346115468339
514	10.00664378206764
515	10.114082464002806
516	10.214753390841132
517	10.316446264689212
518	10.415619589284518
519	10.52058254416099
520	10.628974085956793
521	10.732135329910871
522	10.820224240674147
523	10.91453181738815
524	11.00792116298018
525	11.089826541234103
526	11.174180329547635
527	11.262524231215814
528	11.354015411040097
529	11.453953292643028
530	11.547468009074223
531	11.627730108211216
532	11.70301256246109
533	11.761808690708358
534	11.817758471318895
535	11.863889153232142
536	11.90038909899123
537	11.937070913377037
538	11.96695027886255
539	11.990157853748466
540	12.013298049689624
541	12.027089339261252
542	12.029754836733273
543	12.017643831368263
544	12.01630317451322
545	12.004669584543736
546	11.998283156793319
547	11.987555397445853
548	11.978408436847962
549	11.967274449257838
550	11.949138928580329
551	11.927493605408564
552	11.895032908276384
553	11.84835014884113
554	11.794253243545992
555	11.735972740560543
556	11.67236547600854
557	11.600211730132525
558	11.5256168930489
559	11.437572508205097
560	11.343323015715013
561	11.236853337919797
562	11.123592236075643
563	10.999230241786298
564	10.871244989292785
565	10.733009995366299
566	10.594871365504751
567	10.451056916795668
568	10.305747634410334
569	10.157070312472797
570	10.001602090965715
571	9.84612941918563
572	9.680631633183454
573	9.514117051148094
574	9.34374539874645
575	9.171496162929621
576	9.002688590596179
577	8.828597122616655
578	8.657660771760485
579	8.486359839953776
580	8.308299179298205
581	8.1275088621555
582	7.945315039467089
583	7.758814457205957
584	7.571372640222525
585	7.378285799296987
586	7.186540411266432
587	6.9939840456494755
588	6.80021905124589
589	6.606298778958182
590	6.414220862404896
591	6.223150934370489
592	6.031705582966637
593	5.844300557555579
594	5.657019465852704
595	5.473120467686786
596	5.290957512210687
597	5.1128956483703005
598	4.940306995247168
599	4.771894675483618
600	4.608709903924493
601	4.446866150196332
602	4.289086720260167
603	4.135476382729249
604	3.9839869879873118
605	3.834465607599008
606	3.690417690685728
607	3.547052068136082
608	3.407306579432446
609	3.2696396056811228
610	3.1356301882770277
611	3.0037380499881627
612	2.8738346960752184
613	2.7474238810844356
614	2.6253676232741343
615	2.5079281489998215
616	2.3929840810207854
617	2.282163904489356
618	2.175043217940131
619	2.0706177350095696
620	1.969413750383851
621	1.870733637110635
622	1.775687815334068
623	1.68370844903858
624	1.5956874582524836
625	1.5114942135143412
626	1.4302382359902996
627	1.3527664213728419
628	1.2783685768360278
629	1.2065009987303823
630	1.1377521173902672
631	1.072277368001778
632	1.0096763459441342
633	0.9503327448944956
634	0.8941469588679798
635	0.8407273122069554
636	0.7897732687106304
637	0.7412568573882704
638	0.6953274254866073
639	0.6516063825330836
640	0.6102624530469946
641	0.5710472066390622
642	0.5344296426092603
643	0.5001237194950291
644	0.46767830424312284
645	0.43703522185040244
646	0.40834121315798205
647	0.38129731579315107
648	0.355913990689082
649	0.33213587478264334
650	0.3098887196303609
651	0.2891377412108243
652	0.2698041515896027
653	0.25169332995182014
654	0.23472899925696056
655	0.21889344991179163
656	0.20403528692737002
657	0.1901150432341241
658	0.177163566343158
659	0.16509298135804656
660	0.1538659158054117
661	0.14340716598365646
662	0.13358772709001296
663	0.12446323300808436
664	0.11601806453817025
665	0.10807184476379592
666	0.10063636930288171
667	0.09370610279772598
668	0.08718372884997974
669	0.08109036523358061
670	0.07545781206038
671	0.07023642687904542
672	0.0653792208274199
673	0.060840019646019955
674	0.05662356959016134
675	0.052728519069297326
676	0.04909189653411422
677	0.0456628392558107
678	0.04250120377112485
679	0.03956979932184177
680	0.03683162025576298
681	0.03429667163588169
682	0.03193790519609089
683	0.02974239986108859
684	0.027692368183817567
685	0.025773604438046712
686	0.023998959336097147
687	0.022349029072694454
688	0.020809489465175527
689	0.019386318349009106
690	0.018075242826065464
691	0.01685610726123445
692	0.01571622841635345
693	0.014661418426293144
694	0.01368108144474463
695	0.012765438497485423
696	0.01190748900358797
697	0.011105330519885707
698	0.010360411907456357
699	0.00966283036156212