421	1.1285235808624152
422	1.1701968027138385
423	1.2142148118847471
424	1.2582246592954158
425	1.3052493968422265
426	1.352479226672504
427	1.4023849858402755
428	1.4496660528780578
429	1.4951748607915274
430	1.5419588340055121
431	1.591103973236439
432	1.6447385564698858
433	1.7019438671772371
434	1.7619378887079282
435	1.8252001257884647
436	1.8870467909358708
437	1.9529124004303433
438	2.0188583121646912
439	2.08453136188246
440	2.1514778848217833
441	2.2247349297604644
442	2.304209722521726
443	2.3871421681086553
444	2.47214987147605
445	2.5539153168287716
446	2.63735148427127
447	2.7177918197355324
448	2.7988971179695943
449	2.8822892301916365
450	2.96695929638224
451	3.054612300466635
452	3.15041053918878
453	3.251119946539915
454	3.3562222168640554
455	3.4611973120217643
456	3.5712169491120433
457	3.6822867800291705
458	3.79091919508427
459	3.903400637864121
460	4.013377666063789
461	4.127959997430406
462	4.250009705607343
463	4.369540663603607
464	4.496437934990157
465	4.622792829213664
466	4.748062229714357
467	4.874645545541944
468	5.002199801368642
469	5.131858089925989
470	5.263296692464945
471	5.401194571177334
472	5.545264351639445
473	5.690011183972244
474	5.848195940715647
475	6.006466791046761
476	6.168374915599441
477	6.329449546652603
478	6.489311628852646
479	6.6488361295172975
480	6.799712001103384
481	6.9472617427846455
482	7.0900506874260625
483	7.241098295076512
484	7.394710824108898
485	7.552719014460117
486	7.718266478514697
487	7.886696632653023
488	8.0556881532624
489	8.228437999427214
490	8.403554083272722
491	8.579804113820094
492	8.753780002695715
493	8.925417749660753
494	9.104929698409064
495	9.28720372832414
496	9.473471543135213
497	9.6581469988521
498	9.835038152334803
499	10.012776623251034
500	10.182917577975847
501	10.350997061351789
502	10.509660209310525
503	10.664758812236363
504	10.816725925606082
505	10.973741036539558
506	11.135844090961253
507	11.300083056870193
508	11.465199349875158
509	11.624686010566975
510	11.786095229128362
511	11.95293605274707
512	12.11614033607986
513	12.282499360921411
514	12.442514064308499
515	12.600761202915827
516	12.758239767302346
517	12.912129319952781
518	13.060293912020866
519	13.202057294698655
520	13.333197942150198
521	13.466791210865358
522	13.59191242484473
523	13.712931180905175
524	13.830602842312832
525	13.952319422660448
526	14.072698823672438
527	14.188754241513918
528	14.30925671419255
529	14.418747131814182
530	14.522536129325703
531	14.626303367251992
532	14.726315623955555
533	14.813267874875278
534	14.89331864595967
535	14.95011860882505
536	14.995010607123502
537	15.023115045745692
538	15.037482308068704
539	15.04464748686515
540	15.053505590900658
541	15.055442332379833
542	15.055390088237074
543	15.057237550410193
544	15.053634885033874
545	15.047745433929764
546	15.034541311780574
547	15.02102109935177
548	15.010467353861124
549	15.004317246532588
550	14.98700906080435
551	14.964165374291374
552	14.92584903464244
553	14.87789934382298
554	14.813548879292881
555	14.735318804166171
556	14.644999250669988
557	14.544046162666922
558	14.433645363361387
559	14.314931291063743
560	14.179279758801055
561	14.036053287979042
562	13.880936959971573
563	13.720000814535233
564	13.551341656269868
565	13.379039376521124
566	13.19308713695637
567	13.001402102603898
568	12.809958891488703
569	12.609651890566024
570	12.400752022963056
571	12.187508787716514
572	11.97392028371897
573	11.760070428051034
574	11.544511615637598
575	11.325559526541701
576	11.106722849338945
577	10.884729472965088
578	10.662298435697233
579	10.437740792930725
580	10.211350708961746
581	9.978618365289636
582	9.747377753085038
583	9.513641086709999
584	9.274149473765947
585	9.033270338293196
586	8.789206845816835
587	8.547360612860574
588	8.301492400408542
589	8.055340109878625
590	7.811565234660305
591	7.568337902405578
592	7.32770099037999
593	7.088848523917226
594	6.857040509560192
595	6.626765079307
596	6.4009126035089645
597	6.182724819044069
598	5.969944891600528
599	5.763006718660655
600	5.560465548275234
601	5.362491691195569
602	5.170347861965038
603	4.9823698237213785
604	4.798264078614142
605	4.617367155942196
606	4.441237517759643
607	4.268682915625241
608	4.100734349616263
609	3.9365353428529883
610	3.7763653761427713
611	3.6197157101480912
612	3.4653768624088994
613	3.314818008577474
614	3.1684958389765336
615	3.0259568401008625
616	2.887389146967816
617	2.7522718360378766
618	2.6217280475018185
619	2.4953759574469765
620	2.3724715601692403
621	2.252946462611111
622	2.138140042625399
623	2.026508307641905
624	1.9192311915711564
625	1.815945305121641
626	1.716725677644966
627	1.6219514197440452
628	1.5310885983089129
629	1.444174792662663
630	1.3613045323526607
631	1.2826351996794316
632	1.207526327348178
633	1.1361724070581791
634	1.068480775146445
635	1.0042153220621204
636	0.943300808359311
637	0.8856078430196713
638	0.831028411804328
639	0.7795518121499435
640	0.7306667231685695
641	0.6845701393209145
642	0.6409115103389389
643	0.5998545271796637
644	0.5609984157756405
645	0.5246134606448012
646	0.4903632297534457
647	0.45799337043931443
648	0.4277493676262156
649	0.399300106467667
650	0.37257290329814985
651	0.3476014402404373
652	0.3241527988349909
653	0.30224836527783033
654	0.2817661007745124
655	0.26269987998325334
656	0.24483367241520293
657	0.22824700571116935
658	0.2127046481288438
659	0.19824231696776937
660	0.18483824502749807
661	0.1723005483561001
662	0.160630820812076
663	0.1497369176254599
664	0.13962483186769956
665	0.13019015169207884
666	0.12139873702972402
667	0.11319144309629253
668	0.10550853428272225
669	0.09835558886287356
670	0.09166801876404386
671	0.0854230700875578
672	0.07957253676650156
673	0.07410826451490732
674	0.06901778529763193
675	0.0642614215800856
676	0.05983928623297795
677	0.05571220580284597
678	0.051881624145240765
679	0.04831940005242296
680	0.04500575080600664
681	0.04193041935629917
682	0.03906608647307841
683	0.03641415996800849
684	0.0339452204611777
685	0.03165028978814381
686	0.029514682320291624
687	0.02752855689012167
688	0.025683277816406915
689	0.023961541093077687
690	0.022360680803169188
691	0.02086603195289544
692	0.01946854219005957
693	0.018170101264919903
694	0.016960445480470033
695	0.01583498794354043
696	0.014778383680550069
697	0.01379362355686198
698	0.012876992082252457
699	0.012022170367249159