421	1.138435695455261
422	1.1579147050541008
423	1.1837269796279266
424	1.21320020348184
425	1.2451155993702452
426	1.2786145716433368
427	1.316271755981536
428	1.3542688752513308
429	1.3887101028017872
430	1.4247296995581769
431	1.4639246445908538
432	1.5075324348546912
433	1.555652314496573
434	1.6032129827208659
435	1.6535427596370333
436	1.7061135854507086
437	1.7607093696912108
438	1.8157652121613213
439	1.8750600178919243
440	1.9352828076191102
441	1.9920884064105466
442	2.0543457375354937
443	2.1254786006776416
444	2.193309144776624
445	2.263826969518351
446	2.333006047134779
447	2.402279911770621
448	2.4729999559640543
449	2.5489238770060054
450	2.6230849423919778
451	2.6977484106843996
452	2.7734610695063884
453	2.8534390423629343
454	2.937879418658771
455	3.030698753864627
456	3.1198859351134502
457	3.20995835393345
458	3.3041409176330503
459	3.396127986132559
460	3.4887036549905583
461	3.582772015103316
462	3.6764208925892823
463	3.7706189146628337
464	3.8678832558158653
465	3.9711279864412057
466	4.075874400442139
467	4.182532512066974
468	4.284207000240579
469	4.3827472849698
470	4.492253732273588
471	4.603661719116571
472	4.7137710776348
473	4.826855067929529
474	4.949888970179762
475	5.0690145044652875
476	5.192464048143561
477	5.313896405544735
478	5.438456427139555
479	5.557114703905524
480	5.6722639287046155
481	5.786240365150414
482	5.910057957569589
483	6.027334193399799
484	6.144314885237135
485	6.267912247648422
486	6.391092968979374
487	6.5173114969817805
488	6.645912688148368
489	6.772307643634845
490	6.900517472250654
491	7.019894679342404
492	7.149261962790496
493	7.273226668697441
494	7.405411015985958
495	7.532130136027867
496	7.663176372094199
497	7.788866428405823
498	7.911086773672186
499	8.03295157636338
500	8.148794112256265
501	8.267523123550118
502	8.388203884827625
503	8.508199221943975
504	8.631371416876481
505	8.745168469081815
506	8.857668974508726
507	8.963543780873776
508	9.075977808068412
509	9.185492066408099
510	9.294475295235655
511	9.407225424025485
512	9.51595459662164
513	9.622030574332287
514	9.713707535825257
515	9.803609244283127
516	9.88129315376143
517	9.95587376676419
518	10.027880997164614
519	10.108621730535145
520	10.183846348157083
521	10.259499102650906
522	10.320568533167204
523	10.37616570613938
524	10.431191259287017
525	10.47192004022884
526	10.511764560456985
527	10.556677941334993
528	10.604972503896313
529	10.655052532467085
530	10.70210730332333
531	10.731575496345842
532	10.753122604008123
533	10.760954810045197
534	10.758813369010053
535	10.73896852883021
536	10.718507898562654
537	10.691171288882675
538	10.65888160377092
539	10.62647805190396
540	10.59247128970543
541	10.549576369546669
542	10.500759917834879
543	10.440581713472184
544	10.384650063992247
545	10.32490618068168
546	10.273223845950055
547	10.216603311083057
548	10.168238995085812
549	10.116688836318161
550	10.056524093742292
551	9.993079819311667
552	9.919383099249927
553	9.834838051339695
554	9.746350512013288
555	9.6491924011944
556	9.548787486442235
557	9.438817240091888
558	9.331308101402062
559	9.214370646018699
560	9.088246754132122
561	8.954835568728978
562	8.815510207436306
563	8.675333532465874
564	8.528634686387662
565	8.376108955178248
566	8.228687058907296
567	8.078270814013303
568	7.923613795221095
569	7.767814647797468
570	7.615001294175416
571	7.460961438053824
572	7.301317352406935
573	7.141450517414801
574	6.978405232930018
575	6.814745632774762
576	6.655680725165383
577	6.4950967595260245
578	6.339301923794984
579	6.1846725906936575
580	6.026177424591941
581	5.868804315314358
582	5.712670175568793
583	5.555594511339299
584	5.398360403065127
585	5.2380450737594515
586	5.0816478061212855
587	4.927556891618593
588	4.775124605489225
589	4.62347927729305
590	4.472403098254241
591	4.32522875761668
592	4.176585721921397
593	4.035104871604645
594	3.894151053076693
595	3.7559533633405673
596	3.62029234685585
597	3.4867332040067427
598	3.3585718318087654
599	3.233383072841226
600	3.112550544985806
601	2.993192741676688
602	2.877570654428979
603	2.7648014101277703
604	2.653368727309409
605	2.5443916236497404
606	2.437657149653021
607	2.3340164537379855
608	2.233702081495268
609	2.135567206760903
610	2.0408993465729544
611	1.947057066739056
612	1.8556054749607411
613	1.767310295056103
614	1.682687705573934
615	1.6010679307228812
616	1.5226978446099695
617	1.447264095229987
618	1.3745915161199804
619	1.3043676610848558
620	1.2365103397326196
621	1.1706755049536006
622	1.1076647141415619
623	1.0472775076921148
624	0.9900721655328556
625	0.9357224075779597
626	0.8835316518387636
627	0.8337394719071379
628	0.786503056294532
629	0.740917528553738
630	0.6977643596894095
631	0.6568182458252253
632	0.6180062210557801
633	0.5811369980025836
634	0.5462232554088622
635	0.5131292933471829
636	0.481633193053398
637	0.4516742316815108
638	0.42338441699043405
639	0.39648010192612443
640	0.37112919992042087
641	0.34712986657156364
642	0.3247351129659479
643	0.3037104449057521
644	0.28376322652510727
645	0.2650346440407871
646	0.2474913478749095
647	0.23095162297035862
648	0.21554730886510015
649	0.20107367255852326
650	0.18749106722701014
651	0.17495884513045204
652	0.1631766124404758
653	0.1521645845563067
654	0.14190485769589492
655	0.13231872618737234
656	0.12332387013973811
657	0.11493642002231945
658	0.10707654219383983
659	0.0997779506316374
660	0.09300501693446958
661	0.08668316205602468
662	0.08076782712906594
663	0.07529566682263479
664	0.07015451620846826
665	0.06535403487593615
666	0.06086559680787957
667	0.05669068378618729
668	0.05274731634660261
669	0.04908077814119973
670	0.0457053237166441
671	0.042562949084792
672	0.039626856704196106
673	0.03690009197327821
674	0.0343506350711179
675	0.03199321474817856
676	0.02979045347701445
677	0.02773402581776387
678	0.025853438965129413
679	0.02410191860156499
680	0.02245760529949805
681	0.020934524168148026
682	0.019515175826134892
683	0.018192803064744842
684	0.01696712595973249
685	0.015815830836540343
686	0.01474809813528978
687	0.013762347679990647
688	0.012842248401845871
689	0.011991822579743626
690	0.011206081097483899
691	0.010464161464577824
692	0.009773096709074839
693	0.009131459910047253
694	0.008533970688992787
695	0.007979708968062306
696	0.007456506901877779
697	0.0069661920514871205
698	0.006512746584849252
699	0.006087133494560232