421	1.1289939012996342
422	1.1547593746554028
423	1.1857410053960646
424	1.2208478254686184
425	1.2572734231750469
426	1.2956536751109096
427	1.33448269714616
428	1.3743729621970182
429	1.4120840200239488
430	1.4502066193735967
431	1.490911739484739
432	1.5344353803831636
433	1.581708908610584
434	1.6324971038997167
435	1.684558231659295
436	1.738091166497722
437	1.7917796335732865
438	1.8441952744996872
439	1.9006071171415724
440	1.9582130187467477
441	2.0148627109537007
442	2.0769497121965292
443	2.143578074465007
444	2.209338371959076
445	2.279919473671913
446	2.3468259538776652
447	2.413893656034326
448	2.4797987817118137
449	2.548022507007721
450	2.6191169189717844
451	2.688662438847238
452	2.7621564014882627
453	2.842868488291655
454	2.927454985492536
455	3.0151681063058846
456	3.105641380955842
457	3.1955560927118065
458	3.282898856140361
459	3.3725492672021637
460	3.4612681566688317
461	3.5513016712260304
462	3.646909673186818
463	3.739597740404667
464	3.8360504320690296
465	3.938690773399463
466	4.038219552436274
467	4.1392578462822875
468	4.239021183813685
469	4.339864878054251
470	4.441013291475188
471	4.5512060353677075
472	4.6642905405557835
473	4.783779879225068
474	4.911722719608653
475	5.0425319485419156
476	5.177631707025126
477	5.31152646076445
478	5.442033334876515
479	5.569357157903079
480	5.689128966926786
481	5.807170344735762
482	5.929045124953315
483	6.048948064900824
484	6.17264278796967
485	6.299659666356969
486	6.433142274602804
487	6.5685258329767295
488	6.705111762710204
489	6.838234751822136
490	6.977630042626318
491	7.109764138988414
492	7.248954773416557
493	7.393095335549566
494	7.5374058304310205
495	7.678802964251944
496	7.823232563810173
497	7.967922254192944
498	8.109558071062226
499	8.24767721238011
500	8.377856189737074
501	8.498147384620948
502	8.62300496671626
503	8.74528831222248
504	8.867760531968463
505	8.9878968152752
506	9.105088860139066
507	9.22347273034129
508	9.346323065382173
509	9.46311334328871
510	9.578650862899497
511	9.693236783628205
512	9.806495420476118
513	9.921913329467783
514	10.034644307537652
515	10.140117324685244
516	10.232118785738674
517	10.323664206828836
518	10.408411757142526
519	10.488343959038582
520	10.5684162531741
521	10.635079854228822
522	10.695578022660513
523	10.762679532206985
524	10.828762254858178
525	10.887555936656288
526	10.942320447712387
527	10.98743235283887
528	11.033028398150943
529	11.085111133205329
530	11.133718707745633
531	11.1740618049982
532	11.208427361606805
533	11.22926090750693
534	11.242091240733428
535	11.247528911840293
536	11.236564678292579
537	11.206270189537438
538	11.166247639747995
539	11.116417255575096
540	11.065414782433225
541	11.010041958897201
542	10.957760865421823
543	10.89311279401321
544	10.826413383996094
545	10.76135522307251
546	10.699282955728249
547	10.637774978523687
548	10.570204246754473
549	10.502186480853721
550	10.430421139581505
551	10.35781067056391
552	10.278529752144781
553	10.189220792655666
554	10.08763218901583
555	9.977181812801584
556	9.85490683011067
557	9.731160030278119
558	9.599880558625468
559	9.45997360141393
560	9.3118607719061
561	9.15651162230885
562	8.999275407185207
563	8.838519947664414
564	8.67730100057966
565	8.509792711489592
566	8.343180519899244
567	8.174191847739664
568	8.002788062470556
569	7.832890696784594
570	7.6591462832226
571	7.4873307178572395
572	7.31521317680624
573	7.144244983984954
574	6.976883890267093
575	6.810997292881647
576	6.646671746878991
577	6.4799391865236435
578	6.318547969630575
579	6.155133690581918
580	5.996203005922349
581	5.83560134349403
582	5.675966427750713
583	5.514590013998807
584	5.353467847702392
585	5.189793568101066
586	5.027236343300811
587	4.864487411834289
588	4.703204269993281
589	4.540323765070899
590	4.38055105245288
591	4.222705728780578
592	4.067956443551032
593	3.9159759678399686
594	3.768088498894963
595	3.6239715672956696
596	3.4882559539100395
597	3.3546960343036467
598	3.227181078802932
599	3.1031428753801036
600	2.9837554232802006
601	2.8676737778641503
602	2.754678902288505
603	2.6454679427411465
604	2.539172303462604
605	2.4359184195831123
606	2.335022116804296
607	2.2360745396425514
608	2.138628842569741
609	2.0428646237556505
610	1.9502024470711448
611	1.8590696728585447
612	1.7717072507257818
613	1.6865801819245958
614	1.6042781545336804
615	1.5260404527308218
616	1.4504513996382358
617	1.3767816312782395
618	1.30640158855952
619	1.2390512515199905
620	1.1742651412871894
621	1.111699303996951
622	1.0515273323162315
623	0.9943725922449276
624	0.9395950317419592
625	0.8871303607378767
626	0.8375889884911875
627	0.7900236775430189
628	0.7448097393731027
629	0.7014496026342986
630	0.6604239421025897
631	0.6214684444650421
632	0.5846132928496937
633	0.5498757344041105
634	0.5172583094387181
635	0.4865094682992204
636	0.45735320124075046
637	0.42977171432247435
638	0.40368134617878704
639	0.37887642853267745
640	0.35569309788629044
641	0.3336572065430195
642	0.3130630114347869
643	0.2935273066560688
644	0.2749943163560375
645	0.25759892663331
646	0.2411131770109923
647	0.22549255227116938
648	0.21082102173241207
649	0.19704444406648802
650	0.1840263403933221
651	0.17192850480107186
652	0.160580529407541
653	0.14988496564098594
654	0.13988520742188887
655	0.13055254261623397
656	0.1218858311870927
657	0.11380404315918595
658	0.10626073395212086
659	0.09924859038669592
660	0.09278425587616639
661	0.08673701086653722
662	0.0810373024869088
663	0.07576997823127196
664	0.07086501488409556
665	0.06626528312972893
666	0.061965142492622576
667	0.05794363669302707
668	0.054153280509025306
669	0.05060895219479921
670	0.04732000018154065
671	0.04422493115851709
672	0.04130068143815298
673	0.03857454255313906
674	0.03600443529716843
675	0.033619829677370344
676	0.03138459479457116
677	0.029279770839654967
678	0.02732614453646477
679	0.025519086651873996
680	0.023826748317218184
681	0.02225947950517626
682	0.020797744452543485
683	0.019436817406781593
684	0.018178057673126618
685	0.01700838561882633
686	0.015912201735161263
687	0.014900855250073546
688	0.013954671284665567
689	0.013077015497410778
690	0.012261626473832539
691	0.011498377268721664
692	0.0107815150139494
693	0.010113103196703707
694	0.009486441544708107
695	0.0089001032469509
696	0.00834501759131841
697	0.007820807636597373
698	0.007330042548053036
699	0.006870139127440396