421	1.364139344780895
422	1.3948825452351126
423	1.429077800277283
424	1.468290330937578
425	1.509709748792431
426	1.555172892818658
427	1.6034958187020194
428	1.6530061416089856
429	1.7002303819638906
430	1.7475276989730781
431	1.7997923149306763
432	1.8576864663258092
433	1.9192436494311305
434	1.9811457630892444
435	2.0462320112035113
436	2.1129677769603052
437	2.183179358251285
438	2.2545893647192967
439	2.3281354477926417
440	2.4044871868601314
441	2.477527042482519
442	2.557369290338126
443	2.6458579760349825
444	2.732514889252383
445	2.8198443869385232
446	2.905347415338378
447	2.994559266384452
448	3.0853973539466772
449	3.1808513319148273
450	3.275986428314047
451	3.3728861374198083
452	3.46934732033869
453	3.5720991763854872
454	3.679907831524844
455	3.7908499439648726
456	3.905059857258766
457	4.021200084054948
458	4.137499963331854
459	4.256063059087844
460	4.374016576561513
461	4.494961786090254
462	4.615743447711161
463	4.732386769651473
464	4.856976342825453
465	4.989061483614901
466	5.121895974973419
467	5.255387667520935
468	5.388317635816116
469	5.519017446166099
470	5.653296135061372
471	5.792943118188939
472	5.934694372628665
473	6.073466967663133
474	6.228212391207927
475	6.373692951692759
476	6.53223332384218
477	6.685732657075835
478	6.839182222632837
479	6.986621565155557
480	7.135620113580059
481	7.2816878199302675
482	7.431100621970562
483	7.581175955001022
484	7.725361256718772
485	7.876850350681334
486	8.036318188975411
487	8.189508475038549
488	8.350495557556703
489	8.505032451961094
490	8.664416369645517
491	8.817954461982271
492	8.977579433715327
493	9.134893341296648
494	9.297746644572456
495	9.458197740428032
496	9.621817427156552
497	9.78547712656341
498	9.940437946430219
499	10.096412983285873
500	10.240646632020422
501	10.387068612436211
502	10.539748090849649
503	10.691248885395373
504	10.839435852300928
505	10.981548566382779
506	11.122256368708337
507	11.256762670673183
508	11.391789576741694
509	11.522430543580434
510	11.64771680277862
511	11.775479963616569
512	11.897160035229346
513	12.021703162224886
514	12.136567193987444
515	12.248282630243223
516	12.353319667781996
517	12.458774151405997
518	12.550714075231536
519	12.6487284292974
520	12.746147242765765
521	12.842971500152492
522	12.920612488468421
523	12.998104468248558
524	13.085915882813088
525	13.155195656858167
526	13.22266977194924
527	13.283374759567838
528	13.345173724977478
529	13.40267135973316
530	13.455111268371892
531	13.497415786361062
532	13.534556453266681
533	13.556201729614157
534	13.563360578683636
535	13.564970245244995
536	13.554167502658565
537	13.529135325457451
538	13.494696679649879
539	13.460286079206757
540	13.422594111107557
541	13.377745571212905
542	13.330539924344928
543	13.269420106673898
544	13.20901293380142
545	13.140176539194742
546	13.074292886494232
547	13.00723807870312
548	12.937349931348699
549	12.873026412332623
550	12.805308937277863
551	12.731708673376225
552	12.646392187217746
553	12.54406313975703
554	12.436399867723667
555	12.318897092731095
556	12.197636978731971
557	12.069249954427784
558	11.943602509809814
559	11.807504223039748
560	11.659674616541599
561	11.503344044844287
562	11.3401290063584
563	11.169930272433053
564	10.997885228837518
565	10.81833475825569
566	10.639340399003341
567	10.456222969223909
568	10.269482985994717
569	10.082593297987465
570	9.89370733533642
571	9.70001542635492
572	9.498352663619343
573	9.299144223307618
574	9.101261019511227
575	8.902788169276743
576	8.702695552161678
577	8.503553731677918
578	8.309144922680073
579	8.116009657528119
580	7.920205756701653
581	7.726192457686365
582	7.528164550683615
583	7.326909867468086
584	7.127692150487327
585	6.92862709351818
586	6.730800878878357
587	6.5325134123189885
588	6.334019695093769
589	6.138692029751211
590	5.945631363025925
591	5.7543628786746925
592	5.566219767917271
593	5.380772940707031
594	5.198150070469553
595	5.017831709879832
596	4.84198196920875
597	4.668494459021652
598	4.502037829380128
599	4.338688344673084
600	4.179725310325917
601	4.0232061777525185
602	3.869999089639902
603	3.720074928735873
604	3.5723587929361056
605	3.4276078323244366
606	3.2861518836150014
607	3.1475807088638295
608	3.0114943077677485
609	2.8788223251523766
610	2.7501285820510972
611	2.6233310001997987
612	2.4993769771034535
613	2.381139849964343
614	2.267598599069482
615	2.1588315553727058
616	2.0529696401153563
617	1.9516212948916485
618	1.8530267541440368
619	1.7588463160369687
620	1.667796815916454
621	1.5804139563529196
622	1.4958829288407247
623	1.4148270135576866
624	1.3371595615992855
625	1.2636847014851644
626	1.1923635356452587
627	1.1247855125664208
628	1.0602755273173117
629	0.9985754616454245
630	0.9395990400910875
631	0.8837398243509494
632	0.8305438583085699
633	0.7804531551528665
634	0.732629851476858
635	0.6878385187508532
636	0.6454267262135982
637	0.6052588433214249
638	0.5669334665302641
639	0.5306357187956842
640	0.4961991842173806
641	0.46379419421631407
642	0.4335190113757879
643	0.4051750272112685
644	0.378435782331476
645	0.3532050770299856
646	0.32948401441477526
647	0.30726282024860024
648	0.28637014214033085
649	0.2668724066070264
650	0.24854755124722772
651	0.23163067240600704
652	0.2157741310109161
653	0.20097938896664255
654	0.18708243943588787
655	0.17414693328127961
656	0.16204329683723695
657	0.15073123231205424
658	0.14025222077493646
659	0.13056101845373136
660	0.12154065416135164
661	0.11313081246541377
662	0.10524670852438074
663	0.09795379523378712
664	0.09115233454596303
665	0.08480823157508163
666	0.07888244604275951
667	0.07335721688294086
668	0.0681929083683046
669	0.06337457709434285
670	0.058950054299941185
671	0.05480556412262288
672	0.05094120477747576
673	0.047366886375468084
674	0.044046007255141885
675	0.040966301706782914
676	0.038090451659112394
677	0.03542182980079181
678	0.03296181870830114
679	0.030664299182341467
680	0.028529709496324326
681	0.026539584544693847
682	0.024697090085733193
683	0.02298063036855466
684	0.021399355990531846
685	0.019921659783345605
686	0.018542297335634797
687	0.01726233480197726
688	0.016073949749265633
689	0.01497941600407755
690	0.013964970683337581
691	0.013023701771531157
692	0.012153744392340514
693	0.011342220665724326
694	0.010590879104723134
695	0.009885505150277078
696	0.009223229998493222
697	0.008599580134702123
698	0.00802142932324774
699	0.007481578334649167