421	1.3969683749856618
422	1.443197747330464
423	1.4923967108327036
424	1.544895407819872
425	1.599705678147949
426	1.656960955268572
427	1.7145010603138373
428	1.7737979135703652
429	1.827672354676042
430	1.8804054097868101
431	1.9378563931799762
432	2.0036619621911798
433	2.0729708897092127
434	2.1436289815652834
435	2.2180957299903876
436	2.2969768012558602
437	2.3746192749656716
438	2.455860796357339
439	2.536343859703265
440	2.6192080824340653
441	2.7082053353240725
442	2.802752875524534
443	2.9076416644891605
444	3.0137599156717982
445	3.1158958326165997
446	3.216420368594155
447	3.319175250450134
448	3.4227595795418395
449	3.5260854483799164
450	3.6319182260964182
451	3.741676812623009
452	3.8562255188771104
453	3.977618171031815
454	4.1035592906248315
455	4.230228636970569
456	4.360521020180227
457	4.4923659132811595
458	4.622192512116568
459	4.75671198565047
460	4.894156989126501
461	5.032401414118991
462	5.175430410663984
463	5.321109550783502
464	5.466216525322116
465	5.61962083359508
466	5.771387354627844
467	5.924195015542291
468	6.077398269455285
469	6.23105989929809
470	6.389338507309794
471	6.552810930979474
472	6.723184807525504
473	6.899497633810233
474	7.08071973833345
475	7.269529821249306
476	7.460805844577915
477	7.652194525565354
478	7.8395895083531295
479	8.02165893279379
480	8.202563417954131
481	8.378719687503796
482	8.561885359784775
483	8.739093947384461
484	8.920541479947634
485	9.106909264011946
486	9.29189270024381
487	9.482296039771896
488	9.6771404478265
489	9.86808869311106
490	10.066466179911389
491	10.266100856687899
492	10.46221015535008
493	10.662032544584978
494	10.865593359153772
495	11.072750951234836
496	11.280987040759374
497	11.490455717029649
498	11.697208439125449
499	11.896509334574537
500	12.093800862049974
501	12.276635827836635
502	12.461179293327843
503	12.639671489241918
504	12.816525530764189
505	12.99242609804556
506	13.167078435494934
507	13.343967731501447
508	13.515238455949586
509	13.685074385660089
510	13.850184033482469
511	14.01753280851199
512	14.181078587101627
513	14.338999792831856
514	14.493817983998845
515	14.64799415334988
516	14.783927819586836
517	14.91744751867493
518	15.043262792334014
519	15.163251322474563
520	15.273643425783636
521	15.382599023689027
522	15.480165507483918
523	15.576426275910347
524	15.666649798196627
525	15.753864679591224
526	15.835800069930459
527	15.910353638371578
528	15.977952559081979
529	16.04441910265001
530	16.116153405718535
531	16.170265943185232
532	16.218655248627474
533	16.260226918994988
534	16.273095353277128
535	16.269155215655314
536	16.246400316901244
537	16.19405972886552
538	16.131760646021863
539	16.059695899668416
540	15.987107625030887
541	15.91854917812619
542	15.842869620132252
543	15.758565507823135
544	15.68022972360687
545	15.601655233138214
546	15.51822417528153
547	15.434518523998335
548	15.356002210846203
549	15.271454859231406
550	15.198190281319537
551	15.115952383654205
552	15.015886676912036
553	14.903557187930218
554	14.773236142335245
555	14.631956056722236
556	14.479984941997765
557	14.309908698821099
558	14.130511122077403
559	13.939833582205551
560	13.741295218752883
561	13.534483906870284
562	13.322198533104313
563	13.102834817014083
564	12.877126288492924
565	12.652921103425358
566	12.420558495080165
567	12.183315467709205
568	11.944494066149844
569	11.70255537476951
570	11.460337815804666
571	11.215158388917025
572	10.966558341916016
573	10.720767290962508
574	10.480163534816619
575	10.23820198961906
576	9.999040175583053
577	9.758386970590045
578	9.51679782663558
579	9.27934969373513
580	9.041393498092546
581	8.802314640865832
582	8.568057345367972
583	8.32959564925727
584	8.090610619637381
585	7.85215027716044
586	7.612781690663104
587	7.373942198651747
588	7.136791972725937
589	6.9013362608318465
590	6.667137701504364
591	6.434659934906679
592	6.209246371641862
593	5.98768792509442
594	5.7711501686314355
595	5.559856818738129
596	5.354933866847794
597	5.156957889049802
598	4.9645625801095825
599	4.777246819502959
600	4.596116185250893
601	4.418030639440396
602	4.244633725170576
603	4.07497355466301
604	3.9083958967853736
605	3.7450680147785715
606	3.585938270283523
607	3.4318428190542223
608	3.2815129379458314
609	3.135130251960075
610	2.993234353113493
611	2.8546958011515775
612	2.7202924372414605
613	2.5895801368989746
614	2.463442183484972
615	2.3408257105082515
616	2.2234280858853017
617	2.1113041803869526
618	2.003427245219472
619	1.899197542345213
620	1.798796120427957
621	1.701691611754772
622	1.608495332827057
623	1.5192181691230313
624	1.434470237026346
625	1.3529376644477489
626	1.275449992653482
627	1.2014098618510705
628	1.1313365875791208
629	1.0650858298661499
630	1.0022105685311533
631	0.9424326267852553
632	0.8859642396271904
633	0.8323315390029729
634	0.7816428312122472
635	0.7338699153335314
636	0.688592079631334
637	0.6456976925461043
638	0.6053377490107429
639	0.5673347615414106
640	0.5313179389064864
641	0.4974228646159928
642	0.4653550834560185
643	0.43508873609381477
644	0.40658604239386814
645	0.37980040491101075
646	0.35474465460111615
647	0.3310814202121994
648	0.308892223670811
649	0.28801339569404605
650	0.2685363770092946
651	0.25024037580843794
652	0.2331013612588946
653	0.21710607409394705
654	0.20222113679353626
655	0.18830516186309984
656	0.17533791598072582
657	0.16329664451085968
658	0.1520726373574855
659	0.14161366329540093
660	0.13193500846538533
661	0.12288747632958898
662	0.1144770628194611
663	0.10663139649805788
664	0.09937183461507637
665	0.09264493514441607
666	0.08637436768529028
667	0.08051925277261535
668	0.07504409410249746
669	0.06992020296962247
670	0.06515665034719934
671	0.0606957085902253
672	0.0565377988055155
673	0.052665534377569385
674	0.04906522153694153
675	0.04571082100692392
676	0.04258841723258648
677	0.03966513073852025
678	0.03694596898197557
679	0.0344124501103244
680	0.03205157137269827
681	0.029866661599831493
682	0.027835605858786652
683	0.02595000877948062
684	0.024205602145846983
685	0.022584372393330592
686	0.021065316468364688
687	0.019655377067849426
688	0.01834139543760585
689	0.017123480331914204
690	0.01598882754536231
691	0.01493394265193803
692	0.013953402935202395
693	0.013041778513323877
694	0.012189895272427823
695	0.011395439950391656
696	0.010652598082832369
697	0.009957100708506769
698	0.009305581347188507
699	0.008699077047380885