421	1.1014096859231197
422	1.1266867981861795
423	1.157639924477469
424	1.191504983241627
425	1.2248386746624726
426	1.260750418605017
427	1.2975053412659925
428	1.3359916401043477
429	1.3718111791456689
430	1.4083396403359651
431	1.448150801768452
432	1.4898568726768155
433	1.5341945630466252
434	1.5814453389921541
435	1.6300525320868091
436	1.680774432821668
437	1.732974979665938
438	1.783373840345374
439	1.838061582392666
440	1.8932625111233758
441	1.9475316422997933
442	2.008565368239947
443	2.072320695162252
444	2.1364433317686506
445	2.2022881521820312
446	2.2670678915343867
447	2.3322279617082065
448	2.395179541154268
449	2.461958712769644
450	2.5296930545176863
451	2.5991131384027617
452	2.6704003354779604
453	2.7469674367249923
454	2.8326472735323494
455	2.9159112291784948
456	3.003311676626136
457	3.0898999178164765
458	3.1780536948477556
459	3.2643508212307597
460	3.3477648025650164
461	3.4374263082992718
462	3.5291378133510074
463	3.6190093490129525
464	3.712616474739059
465	3.8096834530331187
466	3.9073832416812966
467	4.0017503120592055
468	4.094855622551737
469	4.1871667177481235
470	4.28759918171907
471	4.39294375932254
472	4.502024701615146
473	4.6187118795932705
474	4.744261282882128
475	4.872483281566134
476	5.003858310619356
477	5.133773480893552
478	5.258614281823932
479	5.382648155296094
480	5.499392908889242
481	5.617685285755772
482	5.739071639928505
483	5.856191405207146
484	5.97483735673192
485	6.094285782739487
486	6.225181416270437
487	6.3519550897751955
488	6.481220555319394
489	6.61004723906098
490	6.7432164602303954
491	6.87789920449348
492	7.016167572785997
493	7.152789067095942
494	7.293893068821645
495	7.429556178491614
496	7.5705954410773515
497	7.709579366925199
498	7.845010194527023
499	7.979139789763436
500	8.108156382710332
501	8.228433471053899
502	8.346787711648135
503	8.467004048066027
504	8.584300910662797
505	8.698645344213839
506	8.812375437987681
507	8.928906759954929
508	9.047299196542674
509	9.160444699654233
510	9.274947210703079
511	9.387670359311384
512	9.500395632772063
513	9.6134463845779
514	9.723120187984923
515	9.828434628921896
516	9.921767864961918
517	10.003283252304668
518	10.08913482414823
519	10.16930116757004
520	10.246665499872252
521	10.31630946180165
522	10.380626988301323
523	10.44850814045243
524	10.51187478354861
525	10.565529909009337
526	10.61700386709471
527	10.661108128040752
528	10.705985655981516
529	10.750487850292036
530	10.797552159892321
531	10.838813817005764
532	10.868783644234604
533	10.885678348655595
534	10.891894762859824
535	10.89405874275553
536	10.878989910352178
537	10.847329330786549
538	10.806963023089512
539	10.756920286919808
540	10.708612075298126
541	10.653959649296253
542	10.599795060225201
543	10.537408784697476
544	10.473151570718708
545	10.40800666477332
546	10.350148925813434
547	10.29026613670302
548	10.22528843361362
549	10.162835802848482
550	10.097327711438796
551	10.03055207790961
552	9.954015458518297
553	9.86168427438762
554	9.760523234248256
555	9.654180236745999
556	9.537776631681695
557	9.413445039206726
558	9.284121154561454
559	9.142717307243684
560	8.995905925314144
561	8.840516126839916
562	8.683309568944502
563	8.519493274325951
564	8.358489788030381
565	8.19446012184209
566	8.032106718050912
567	7.865094188726787
568	7.695740748260386
569	7.530607767074391
570	7.363306522801518
571	7.198161464514088
572	7.03191986885583
573	6.8671379058296225
574	6.706687373325676
575	6.545160258244025
576	6.387528472532106
577	6.22758476979651
578	6.070137599772978
579	5.913291932004774
580	5.758619779762415
581	5.60352613764118
582	5.4480603131285275
583	5.289187817897294
584	5.131263086857435
585	4.970731235719045
586	4.811569648458984
587	4.650298288651747
588	4.4950772035879805
589	4.338709037311751
590	4.184520499173027
591	4.030891883535937
592	3.881247161247484
593	3.736588450908856
594	3.5934600911908796
595	3.4567455904667934
596	3.3251021627898507
597	3.197246893860853
598	3.074806830219465
599	2.956333675100979
600	2.842967209893646
601	2.730921123533882
602	2.622691419302668
603	2.5174263197435875
604	2.415125340677287
605	2.314191111181736
606	2.2165078448644073
607	2.1215129244047914
608	2.028268934775482
609	1.936976503630591
610	1.848243911151532
611	1.7608123986982136
612	1.677383989619067
613	1.5962854015676204
614	1.5177813532422064
615	1.442550037803207
616	1.3704087681223462
617	1.3005875619008451
618	1.2332920766561835
619	1.1687909954887366
620	1.10672080043885
621	1.0470963021110054
622	0.989522569699862
623	0.9351917004586213
624	0.8836036682508684
625	0.8339619705556887
626	0.7864931347711772
627	0.7413637859227564
628	0.6984917022972841
629	0.6574346643271581
630	0.6186829845328096
631	0.5823128814166677
632	0.5478267383412051
633	0.515205062087377
634	0.4844428526951527
635	0.4555654615388833
636	0.42800650833567083
637	0.4019096747868952
638	0.37727984194771297
639	0.3540639643900079
640	0.33229161825164094
641	0.3116811756340272
642	0.2922583327520922
643	0.27384655764426846
644	0.2564490251570038
645	0.24006741817964103
646	0.22457044030532433
647	0.20998023599347893
648	0.19626063476882596
649	0.18332364200697676
650	0.17120060174229498
651	0.1598909611113031
652	0.1492820818482184
653	0.13929532239866357
654	0.12999564649155332
655	0.12131221838135359
656	0.11325947304132276
657	0.10571680527599553
658	0.09868921359857862
659	0.0921827861523172
660	0.08616154433059865
661	0.0805290608388879
662	0.07523878522731785
663	0.0703220899783469
664	0.06576222752428923
665	0.061492040592083984
666	0.05751499654667058
667	0.05377208338431069
668	0.05026198617490721
669	0.04696145999713143
670	0.043882301131233016
671	0.04101764351790541
672	0.03831103726834115
673	0.03578015509152373
674	0.03340166497247858
675	0.03120321779743641
676	0.029141587066407886
677	0.027196268921610093
678	0.025391130248376054
679	0.023705394111586554
680	0.022138375493252784
681	0.02068465010998677
682	0.019333571595096594
683	0.0180847095899616
684	0.016917507558649687
685	0.0158297542713602
686	0.014813024577554991
687	0.013874567226086496
688	0.012994818072098456
689	0.012179978474517471
690	0.01142200383129901
691	0.010713222984413621
692	0.010048623813668656
693	0.00942731930427649
694	0.008844584122247723
695	0.008298406170237083
696	0.007781332195286249
697	0.007291939496024332
698	0.006835620926947777
699	0.006407614043151828