421	0.9776368218329573
422	1.0150050495698828
423	1.0536345313532465
424	1.0915828531307947
425	1.1332765648722567
426	1.1768810359572033
427	1.220405942105849
428	1.2629707678389097
429	1.303619552076624
430	1.3456454100085915
431	1.3914354842342043
432	1.4390889479919762
433	1.487114258976114
434	1.538707118888602
435	1.5947886602729449
436	1.649414551576536
437	1.7076940331626036
438	1.766461983003343
439	1.8252543191382287
440	1.882744586516579
441	1.9442725106085137
442	2.009713385784864
443	2.077569334354943
444	2.1507114334809474
445	2.220890283203989
446	2.291786199338731
447	2.3642201146446453
448	2.433102056902951
449	2.5044039774773164
450	2.5757534319956745
451	2.652440711710788
452	2.732686745556869
453	2.8207203883085974
454	2.9106027942856314
455	3.0057015991294858
456	3.1005502542845496
457	3.1976896707461067
458	3.2911944678547767
459	3.3848496093747906
460	3.481091784886558
461	3.5796693931871597
462	3.6824349795118505
463	3.787314564985004
464	3.8938151192613577
465	4.003965225403917
466	4.109347558069169
467	4.215331103546987
468	4.325922046265741
469	4.438825743386159
470	4.551583626396989
471	4.666518655037909
472	4.795197421145468
473	4.923525325264025
474	5.063732501015754
475	5.205560568663682
476	5.35135168857299
477	5.492457120672764
478	5.634535865796062
479	5.774940938273453
480	5.908528429987229
481	6.039094592297091
482	6.165677823570141
483	6.297492844309737
484	6.4329477714086485
485	6.569396533887626
486	6.708080455040887
487	6.852141311218069
488	6.999676802346036
489	7.147002474071108
490	7.300032832376296
491	7.447549775941235
492	7.597834209038163
493	7.747664956374284
494	7.899164187963128
495	8.050197166089433
496	8.208794057572174
497	8.370143863180427
498	8.52766360570073
499	8.678866343645858
500	8.827779934423177
501	8.969124312380703
502	9.100916276612015
503	9.22806686169458
504	9.360862934309006
505	9.493978980333383
506	9.625257426880742
507	9.760568464807456
508	9.895585968661452
509	10.03263058481185
510	10.158652334138576
511	10.283939157963351
512	10.414230927683015
513	10.540895353099089
514	10.661809733901073
515	10.78037344860571
516	10.898650376218177
517	11.004961880268842
518	11.096525724330332
519	11.18681353040949
520	11.272942698543059
521	11.35400588585079
522	11.424607818454342
523	11.490393997143174
524	11.557239222004101
525	11.617998851093574
526	11.674724458281956
527	11.725343589230388
528	11.77959945933787
529	11.828969439280531
530	11.878237934240577
531	11.924627454321621
532	11.967971046236034
533	11.99553345775516
534	12.018370303246561
535	12.02161514608593
536	12.014504284051997
537	11.993833396946117
538	11.964189197484098
539	11.918250176059923
540	11.872867874343687
541	11.818798387724085
542	11.763654338402215
543	11.69999507502575
544	11.639446377899699
545	11.575960344788863
546	11.511870595228393
547	11.440721111586647
548	11.373274709385676
549	11.307999577907486
550	11.241025371297766
551	11.167576942901745
552	11.082585857195793
553	10.988756160237005
554	10.883520144492936
555	10.772297855992248
556	10.653422359688319
557	10.521563740492924
558	10.383860432271224
559	10.233414146705226
560	10.082483812519689
561	9.922819329417095
562	9.757018042011964
563	9.584416567194296
564	9.409629365427303
565	9.233385651968712
566	9.055507749107186
567	8.874527580373654
568	8.693323114655676
569	8.50822648450093
570	8.324418402769481
571	8.141267936424045
572	7.959186556009167
573	7.775271773143057
574	7.598591668178073
575	7.420377153605044
576	7.24420543952468
577	7.070538746566312
578	6.9002951848528316
579	6.729219279275147
580	6.557828019130518
581	6.385043412608867
582	6.212477897485333
583	6.03817828823196
584	5.862206554060173
585	5.686757297273389
586	5.510543731581445
587	5.330855377847864
588	5.153524459290057
589	4.977362237819189
590	4.8022452770791855
591	4.6303403101719045
592	4.460535008881764
593	4.296182128417592
594	4.1365190171848845
595	3.983019817806366
596	3.8334586885474002
597	3.6886455182198543
598	3.5494353247315975
599	3.41610771324405
600	3.2867455467382083
601	3.160618400924634
602	3.037378940618971
603	2.9179413167348627
604	2.801385539852514
605	2.687584363454467
606	2.5763425038344607
607	2.4666767138198935
608	2.3592786087975512
609	2.2541433503548
610	2.152921947327205
611	2.0531041235685734
612	1.9561678076873343
613	1.8620972873988868
614	1.7716370319787318
615	1.68527271528294
616	1.6011740927548075
617	1.519633801971285
618	1.440675889539143
619	1.3652954210872055
620	1.293124744875631
621	1.2239394599251812
622	1.1581075631543944
623	1.0941647580525207
624	1.0336782678606107
625	0.9759509438932801
626	0.9212845108543797
627	0.8691124802276536
628	0.8190618793129778
629	0.7715282328921249
630	0.7264417779756651
631	0.6841342731278184
632	0.64385809905328
633	0.605846852229554
634	0.5696356356475858
635	0.5353916086577661
636	0.5033656618704726
637	0.4729043862988576
638	0.444116181669875
639	0.4167274296242482
640	0.3910294792213225
641	0.36671809840552505
642	0.34383272482432176
643	0.32203647502326965
644	0.3014756092590696
645	0.2821634172228159
646	0.26394931519761744
647	0.24679841869498065
648	0.23062368931902075
649	0.21534004973911433
650	0.2010384800344686
651	0.18763822491155285
652	0.1750479791640772
653	0.16323807638867419
654	0.15221844843738058
655	0.14193532444263382
656	0.13244150817544656
657	0.12358820822911613
658	0.1153148686852616
659	0.10761598695570415
660	0.10049059716261809
661	0.0938306908048782
662	0.08763100505512321
663	0.08184852784435706
664	0.07647877209143344
665	0.07146506186059375
666	0.0667991770322451
667	0.06246366043063219
668	0.05839041688858607
669	0.05453662008298356
670	0.050933148494117654
671	0.04756030419255134
672	0.044386023397771174
673	0.04141493928005857
674	0.03864454696539379
675	0.03605541746543484
676	0.03363493068228289
677	0.03137149458334555
678	0.02926365863866386
679	0.02730551338955021
680	0.025467833256999958
681	0.023763118091191294
682	0.022187333631012433
683	0.020734223358637453
684	0.019381821433787104
685	0.0181235713625102
686	0.0169465993281391
687	0.01585951170860099
688	0.014843623558047562
689	0.013897289249937179
690	0.013017104302958712
691	0.012197958615961577
692	0.011428761141093957
693	0.010710869522786926
694	0.010039021887995676
695	0.00941109580330384
696	0.008817786608665775
697	0.008258374900273329
698	0.007735101898433518
699	0.0072461721881710755