421	0.9131422526981551
422	0.9454929293972056
423	0.9788041783088824
424	1.0117176006634547
425	1.049053637427672
426	1.0852797730607737
427	1.123377000756329
428	1.1615596671033592
429	1.1981479323479438
430	1.2347424658964787
431	1.2743064396303037
432	1.3158348366642183
433	1.3590951363994566
434	1.4068189341823965
435	1.4582025521279087
436	1.5085659062781847
437	1.5616051930640942
438	1.614867092529831
439	1.6677133361051302
440	1.7196190183768512
441	1.7771600331816526
442	1.8370302699504075
443	1.9025547858590317
444	1.9684433878258807
445	2.0323450549346425
446	2.0995173151305275
447	2.16451177050018
448	2.2277914262101493
449	2.2902441891172827
450	2.3570209800889175
451	2.4270549672365846
452	2.5022810615437137
453	2.5822494671722755
454	2.665862083199495
455	2.752512961584114
456	2.838781049888823
457	2.930323626170761
458	3.018685872590834
459	3.107145888421523
460	3.194957594339489
461	3.2885297427671514
462	3.388522009482612
463	3.4884827499539854
464	3.5911925108161515
465	3.694916893820017
466	3.7996205643970673
467	3.9056275786425045
468	4.015016425656927
469	4.12632775700769
470	4.238519464617882
471	4.356086613299758
472	4.482082708764466
473	4.613993138451327
474	4.755139311946711
475	4.899559519675063
476	5.0476747259774495
477	5.196553968853751
478	5.341610394740718
479	5.486548699429217
480	5.629664428242233
481	5.768325603567319
482	5.904734222116132
483	6.044489782171678
484	6.192793151169327
485	6.344433445981648
486	6.5032849108817254
487	6.6709742088534405
488	6.838417389061298
489	7.004998167399724
490	7.1775757283445785
491	7.355216391000447
492	7.53653119748666
493	7.717437769125976
494	7.906578846863032
495	8.093700242603772
496	8.291712593232749
497	8.49061215884764
498	8.685458346339587
499	8.880700067442131
500	9.06933541768773
501	9.259394769102903
502	9.449909013095516
503	9.635772944818914
504	9.822299069458785
505	10.010193422968802
506	10.209004333610256
507	10.407814795871847
508	10.615137874753731
509	10.826752054819641
510	11.033363229416285
511	11.242056307568971
512	11.45227822806556
513	11.663698808079689
514	11.877095707859393
515	12.0899628961355
516	12.30720036169627
517	12.511964758405865
518	12.714568398197313
519	12.915593956493403
520	13.10915822231479
521	13.302133868651174
522	13.488199697473894
523	13.67362092798923
524	13.862619134579694
525	14.04929161107292
526	14.236295343743318
527	14.413171501816157
528	14.592866462006619
529	14.771026075057286
530	14.944497313638266
531	15.114850660132293
532	15.281747485546493
533	15.437164107766217
534	15.581567183781907
535	15.712514118377324
536	15.828608301925392
537	15.929644825515306
538	16.02065472308159
539	16.10105703560602
540	16.179930688390346
541	16.254391470968216
542	16.313078777149876
543	16.371236110313337
544	16.426575146639188
545	16.476000932189017
546	16.517669838283922
547	16.5495614553589
548	16.583998648583936
549	16.615387623048786
550	16.639354568664764
551	16.655806861543304
552	16.65640365542982
553	16.642057813702493
554	16.612534205928807
555	16.57384298707991
556	16.518714245463578
557	16.45222070062259
558	16.372599147950012
559	16.270297399276963
560	16.168214901126593
561	16.046073545647545
562	15.914894959084611
563	15.774684987913588
564	15.622318681867476
565	15.46484667541218
566	15.295614108676485
567	15.118526539957662
568	14.930461219068828
569	14.740220607646027
570	14.543498486661816
571	14.342409981970167
572	14.136067054395017
573	13.93094481729417
574	13.72132858322953
575	13.510817566324492
576	13.293217309445968
577	13.070921944727925
578	12.847383251293461
579	12.617874269901254
580	12.38586632161608
581	12.147594786384087
582	11.906897959944017
583	11.6604852221793
584	11.407134325217
585	11.15156283517785
586	10.887674013321817
587	10.620947282470642
588	10.351780742739772
589	10.079987221509557
590	9.808604263916312
591	9.534127292854178
592	9.263701852520857
593	8.99460966506999
594	8.727829002293836
595	8.464269322742428
596	8.198941368973918
597	7.937082835475084
598	7.680028256627116
599	7.427639588487844
600	7.17932466701397
601	6.932625478123608
602	6.688988703616
603	6.447115398878357
604	6.212039182540667
605	5.979283314103042
606	5.748848700768771
607	5.522512994486361
608	5.299939059093311
609	5.082131006334584
610	4.86904430689116
611	4.660631639557101
612	4.456417281276257
613	4.257088186063044
614	4.062956358243367
615	3.8758560823936654
616	3.6948677426761325
617	3.517970184276254
618	3.3471863134281086
619	3.1820671890584915
620	3.0223155793365066
621	2.868365323356908
622	2.7209470186773532
623	2.5786670301662538
624	2.4418916526562007
625	2.310691020806252
626	2.185223101107952
627	2.064712634313416
628	1.9493932297923693
629	1.8389456334699563
630	1.733669040880517
631	1.6334498591694173
632	1.5380856931251987
633	1.4474519267058612
634	1.360958902653249
635	1.278809010981505
636	1.200954848368964
637	1.127247935708982
638	1.0575141539103465
639	0.9913448080191793
640	0.9288728807703204
641	0.8694834012873693
642	0.8139044885179831
643	0.76144825643212
644	0.7118528451216185
645	0.6652679179979832
646	0.6213229631577586
647	0.5801382645293239
648	0.5414919588308179
649	0.5051710277348348
650	0.4710718543632442
651	0.4391586187500191
652	0.4092248481438806
653	0.38127578220779185
654	0.3551565137047414
655	0.33075210522291415
656	0.3078754265456879
657	0.28661483482448163
658	0.26674633953862453
659	0.24827606346767314
660	0.23101868012146076
661	0.21490277593732
662	0.1999257566146466
663	0.18592479058469677
664	0.1729717985985457
665	0.16091756598184487
666	0.1496435148734784
667	0.13921012108714023
668	0.1294813916267468
669	0.12042713362921141
670	0.1120035148720131
671	0.10415065673629821
672	0.09681686106953781
673	0.09001411172796144
674	0.0836900760213216
675	0.07780719807933392
676	0.07233424480291657
677	0.06723302258657941
678	0.062492469681982535
679	0.05811349935806618
680	0.05403821784906068
681	0.05024489192037093
682	0.04672959910627086
683	0.04347251485376029
684	0.04044717181061844
685	0.03763597286657594
686	0.035027378727203066
687	0.03260514926192392
688	0.03035879316920232
689	0.028271573921830235
690	0.02633307057155412
691	0.024532247875235974
692	0.022849843650194625
693	0.02128987461092153
694	0.01983971622704682
695	0.01849452369522072
696	0.01723399192709438
697	0.016062646303520785
698	0.014971670788774967
699	0.013957661156708783