421	1.1041066736486362
422	1.136543839271143
423	1.1715941397277745
424	1.2097007954856545
425	1.2491739989964656
426	1.2908265200830138
427	1.3344914111515296
428	1.3761736400353919
429	1.414460417453375
430	1.4526238049795106
431	1.4926413014244988
432	1.5394843981434723
433	1.5898380181553098
434	1.6395526603313781
435	1.6949950925338733
436	1.7501356511490598
437	1.8084885287523402
438	1.867821099218953
439	1.9273430543376093
440	1.9882080390725223
441	2.051770483677271
442	2.121411514273701
443	2.1988306906030117
444	2.276238894731493
445	2.3538869243199287
446	2.4278738360438714
447	2.503825134684864
448	2.5780375506605213
449	2.654968453938341
450	2.7335118229791706
451	2.813964174369925
452	2.8961880136536653
453	2.985001483643129
454	3.0807859609190067
455	3.1760453457977587
456	3.275473922028988
457	3.3765397793168668
458	3.476075526251473
459	3.576220651214327
460	3.680955103012076
461	3.785220337396077
462	3.8947145541805956
463	4.004267989287962
464	4.116420240294843
465	4.2346037559315555
466	4.356200307346664
467	4.4735709287567005
468	4.589243555873177
469	4.709139394238704
470	4.832469302369286
471	4.960291054029771
472	5.097828713539151
473	5.235699657612693
474	5.388447443563075
475	5.54393143504699
476	5.706395394536958
477	5.867712242470098
478	6.025675474398209
479	6.177608946917049
480	6.330855629442067
481	6.484268288268851
482	6.637086859046528
483	6.79042658486362
484	6.950870017531615
485	7.113906673684282
486	7.282383878955469
487	7.45414516411756
488	7.633032500991475
489	7.811187152080785
490	7.9927696665371295
491	8.180931044377365
492	8.367668800121518
493	8.560915223473817
494	8.756690511263692
495	8.957843617269122
496	9.163621936687827
497	9.372180075207886
498	9.581869534025666
499	9.787631527908136
500	9.995450241917034
501	10.193345067488716
502	10.389576912535635
503	10.589777766020354
504	10.796322667323052
505	11.000215853855783
506	11.202944800855539
507	11.41226082267192
508	11.626558159578968
509	11.833804618790692
510	12.03957401061116
511	12.254453521857975
512	12.470936825037834
513	12.688186672004164
514	12.908385017598784
515	13.127125754517115
516	13.341027485468123
517	13.538864835090141
518	13.738362165806722
519	13.939485288659187
520	14.139558111223556
521	14.332687580901217
522	14.524342215204008
523	14.716637667956721
524	14.904869940883977
525	15.091814090365075
526	15.265947285923605
527	15.44600049731157
528	15.616528517012561
529	15.787067491556911
530	15.965079175961073
531	16.12888233229313
532	16.290716698979832
533	16.441063623465233
534	16.567174477399146
535	16.684521659155468
536	16.786765152755393
537	16.865034047363682
538	16.935620988362334
539	17.00207085383778
540	17.056386977124298
541	17.103734208709955
542	17.152656855400743
543	17.193947180575652
544	17.23658695490483
545	17.274240203542043
546	17.303692745558866
547	17.336184080932465
548	17.362591518470886
549	17.38273786199466
550	17.400045776290778
551	17.41096932087057
552	17.406951964255146
553	17.39063807756135
554	17.3608152777275
555	17.311364756404508
556	17.247366064399603
557	17.169753502186957
558	17.078795385406544
559	16.974531113419957
560	16.854540946440054
561	16.723411470453307
562	16.58316499313362
563	16.435312013089828
564	16.27410298193296
565	16.10814573225459
566	15.931836070960967
567	15.743930607333596
568	15.551127315727255
569	15.352411037864279
570	15.146713126590079
571	14.936387903652697
572	14.714417020639557
573	14.489353730087116
574	14.269281873840404
575	14.042110252794606
576	13.81223748938322
577	13.577572337574356
578	13.33655440198511
579	13.095175428698647
580	12.846905014922148
581	12.593776055080031
582	12.336709638492506
583	12.072460468882197
584	11.808859049570133
585	11.539702886288538
586	11.268606764217706
587	10.991965482789887
588	10.713299945811915
589	10.432039792856946
590	10.147484508526055
591	9.863386368227603
592	9.579664379952257
593	9.298968143192312
594	9.017892124182609
595	8.741460699762818
596	8.46912867566845
597	8.19793244005253
598	7.929785840270019
599	7.665965887807561
600	7.405956211689686
601	7.148946471077014
602	6.894659444277813
603	6.645134764904652
604	6.399363150054283
605	6.157343132767834
606	5.919512297396064
607	5.686666802633552
608	5.456376948402323
609	5.231050104724392
610	5.011432828047722
611	4.795747159251765
612	4.585022971101041
613	4.379179403033576
614	4.178723654406264
615	3.984712039055399
616	3.795810744569663
617	3.614231907276894
618	3.4377343278555488
619	3.2668886862151933
620	3.101605776159026
621	2.9427608490382187
622	2.7898947831226284
623	2.642227484328903
624	2.5011823698337934
625	2.365911576057988
626	2.236366275156266
627	2.1126027146091837
628	1.9940922894778828
629	1.8806065233850096
630	1.7718713141587306
631	1.6688744793429766
632	1.5709712863466596
633	1.4780736298355244
634	1.3894570401487965
635	1.305935648064053
636	1.2265802566876098
637	1.1509529106092113
638	1.0794374295667064
639	1.0117389623998825
640	0.9476980121446025
641	0.8872149604383424
642	0.8303335259110174
643	0.7767924532615815
644	0.7262466188724337
645	0.6787273172501426
646	0.6339338242248027
647	0.5919492539044333
648	0.5521903582385634
649	0.5148178208957201
650	0.47986520484693956
651	0.44714871609652157
652	0.4165186390331806
653	0.3878599996949216
654	0.36118729988367976
655	0.3362631002681252
656	0.31300174725882324
657	0.29129014854887286
658	0.27096823742713455
659	0.25209029759017704
660	0.2345401273360967
661	0.2182042070619517
662	0.20298843481813045
663	0.18884329140234157
664	0.1757106129980044
665	0.16352297451761233
666	0.15214661659429868
667	0.1415369178374634
668	0.13163302555157164
669	0.12238518513941138
670	0.11381358967754286
671	0.10585189342286587
672	0.09843318269923895
673	0.09149090569207181
674	0.0850450659825204
675	0.07906089730707193
676	0.07350048182501727
677	0.06831317546306533
678	0.06349064881439351
679	0.05902659718505749
680	0.05487631856723961
681	0.05103468998036174
682	0.04746502819174028
683	0.044155105619889466
684	0.041085026078911034
685	0.03822770898178933
686	0.03557713229495398
687	0.0331178158226377
688	0.03082956664794446
689	0.028707945145451365
690	0.026739464435280687
691	0.024911684095484807
692	0.02321020354883902
693	0.021624916818011267
694	0.020144380311563816
695	0.01877072484349896
696	0.017491931656813023
697	0.016299557652735486
698	0.015193049760521915
699	0.014162841935483044