421	1.2504249287602354
422	1.2752962214174233
423	1.3033171175731046
424	1.3360961954901198
425	1.3702438068740406
426	1.4080315381792816
427	1.4500149367688875
428	1.490147234752471
429	1.5272329281174462
430	1.5660256082603465
431	1.6054943118655476
432	1.6521940855241553
433	1.7011095152127094
434	1.7527833996336546
435	1.8076345234303668
436	1.8618873259623414
437	1.9203881529897706
438	1.9777531744762307
439	2.037463768827576
440	2.0980311593731598
441	2.156630647851894
442	2.223488763220014
443	2.2968167345463755
444	2.3717285329432434
445	2.4463611686874427
446	2.5203959851333457
447	2.594089640529619
448	2.667938306920821
449	2.744666385814353
450	2.820780606364022
451	2.898067764856094
452	2.9790291887679747
453	3.0692123821599244
454	3.1644501874684647
455	3.2618595672213506
456	3.3635296431004935
457	3.463759128187605
458	3.5639585890196113
459	3.6647631264138467
460	3.764760021687303
461	3.87206033716518
462	3.979463158534741
463	4.088945641206798
464	4.200680971362433
465	4.32167373372166
466	4.442839356426141
467	4.564911363434254
468	4.684083530756616
469	4.80348869721621
470	4.9283701874295565
471	5.061849234723331
472	5.199012123818352
473	5.342487766143248
474	5.497759771643675
475	5.655496609887907
476	5.820212250507312
477	5.982717597175496
478	6.141883096967123
479	6.294683593339662
480	6.445761049863344
481	6.595004301650946
482	6.754980158377881
483	6.911508544138088
484	7.067880441461879
485	7.233365699701925
486	7.409555708739524
487	7.584018276784405
488	7.765873916307163
489	7.945864825889076
490	8.13382826128498
491	8.323002067894743
492	8.519755275406743
493	8.713964543084732
494	8.912271177350533
495	9.106567926025916
496	9.312025352476066
497	9.52351953008475
498	9.729881897316332
499	9.93428994229902
500	10.131521865934344
501	10.3292262531421
502	10.520590830281876
503	10.714184246591216
504	10.90258682159835
505	11.100128322116971
506	11.296066774660106
507	11.49883249108161
508	11.707629402474751
509	11.911077595394127
510	12.1131007451744
511	12.315022811326292
512	12.51736713635049
513	12.728626102972349
514	12.93151720281048
515	13.132926487363578
516	13.329722717412649
517	13.52016564156899
518	13.700038457504197
519	13.881534036710116
520	14.058103997348471
521	14.22139328213071
522	14.37896904410703
523	14.538829465847158
524	14.700581424204952
525	14.85729382468388
526	15.004856488857792
527	15.1488956537193
528	15.302249716316007
529	15.452358130252476
530	15.600770460987857
531	15.742123327603466
532	15.871471861480503
533	15.992948773574856
534	16.099571221228185
535	16.19321068854761
536	16.268173446845193
537	16.328850376682546
538	16.374318172259507
539	16.40984519251682
540	16.448222401285292
541	16.471218984099707
542	16.487185748449264
543	16.493468823044633
544	16.493785496862223
545	16.486930169895782
546	16.482069937720176
547	16.470058336864764
548	16.45607356509208
549	16.441201757936383
550	16.42297124583678
551	16.401451218519362
552	16.367265384447244
553	16.31475597061833
554	16.253083226319596
555	16.173309983712635
556	16.081289128550623
557	15.980579127366306
558	15.873793210445543
559	15.756679244599344
560	15.62994113385523
561	15.491036110381014
562	15.345212800688355
563	15.18785612818234
564	15.023923608582388
565	14.851335221761017
566	14.67272733531486
567	14.485318726836178
568	14.2978707289982
569	14.10373069829061
570	13.909100885282534
571	13.712475300906588
572	13.507587252883516
573	13.299722491490401
574	13.0892628315296
575	12.874629067612538
576	12.655694108336261
577	12.432284480380016
578	12.209449897763307
579	11.985610415200636
580	11.751824480655726
581	11.514014521227656
582	11.271982404494501
583	11.02073041555944
584	10.767026964260124
585	10.508229719211961
586	10.246587365227393
587	9.985175207395695
588	9.720780046614477
589	9.455317519607433
590	9.187426621659785
591	8.918538470320177
592	8.647739774462428
593	8.384631851621222
594	8.122756734376521
595	7.864636469752661
596	7.612955642788188
597	7.364041418795124
598	7.118993368899621
599	6.876339044295363
600	6.634534690344744
601	6.395871562727384
602	6.162978258424881
603	5.93486215122765
604	5.709326505600986
605	5.487878242823368
606	5.26999756556168
607	5.056378183379344
608	4.847581118639419
609	4.64028197479644
610	4.439169249842644
611	4.2408712413108365
612	4.048376840885309
613	3.862548233302185
614	3.682608515829051
615	3.5078459816934764
616	3.338519013909297
617	3.175853465075092
618	3.0186418126599905
619	2.866953755988332
620	2.71985505796472
621	2.576433226647994
622	2.439813243785152
623	2.3078948029178195
624	2.182474457877178
625	2.0625118065603214
626	1.9472725144210121
627	1.837000470787519
628	1.7319967838491432
629	1.6312250852510612
630	1.5353533399888055
631	1.4439943978305025
632	1.3574055042213142
633	1.2754353074199938
634	1.1979684831523807
635	1.1247209564235607
636	1.0552201660890423
637	0.9891987107560001
638	0.92697304630701
639	0.8680505496121937
640	0.8124339162496028
641	0.7600134131671652
642	0.7106798393833202
643	0.6641560325320754
644	0.6203003301278989
645	0.5790148985512208
646	0.5401785691478942
647	0.5036702653840449
648	0.46948392880122586
649	0.43757505335123786
650	0.40758829933792556
651	0.3796008851860739
652	0.3534864089129544
653	0.32900449648881314
654	0.3061470881452222
655	0.28486779053447203
656	0.26505266272036654
657	0.24659126664541894
658	0.2293965920629372
659	0.21339674772667672
660	0.19854105977332512
661	0.18463412738843765
662	0.17162776556283835
663	0.15962021098865042
664	0.14844408077403254
665	0.13801899505268206
666	0.12833832388817373
667	0.11933249669921019
668	0.1109034341653796
669	0.10307448514600556
670	0.09583595513907567
671	0.08910509343265927
672	0.08283050792971858
673	0.0769742560574579
674	0.07154443482337323
675	0.06651127335133106
676	0.06180198387238361
677	0.057414571444095654
678	0.05337110799858098
679	0.04961511637046321
680	0.04613785004003827
681	0.042913123228549926
682	0.039917773775158975
683	0.037134992733119654
684	0.03454733411923593
685	0.03214267924784684
686	0.029914537179477122
687	0.02785469880786651
688	0.025936183358879213
689	0.024160985313193273
690	0.022514878936740708
691	0.020978992032037607
692	0.019548087586991104
693	0.01821251164154039
694	0.016972523789419408
695	0.015816333351012075
696	0.014737694391482979
697	0.013733468256687453
698	0.012803472898843203
699	0.011939621106279335