421	1.1894920743598825
422	1.234254831716024
423	1.2805737159563058
424	1.3272565585374154
425	1.3780854662568844
426	1.4301664906798803
427	1.4835124791555958
428	1.5354133484736177
429	1.5829263783817749
430	1.6330224427583098
431	1.684768694628309
432	1.7441390638057042
433	1.8045385462668677
434	1.8690743179939215
435	1.9389007199518624
436	2.009782899924203
437	2.082758006191956
438	2.15431663563339
439	2.22686606904681
440	2.301529068826375
441	2.3798516132505827
442	2.464966750664059
443	2.5548537597315333
444	2.6491083678604372
445	2.74023308349929
446	2.831029365902272
447	2.923039454496941
448	3.0140552333237514
449	3.103161647714696
450	3.196319486953836
451	3.295748095827923
452	3.399771888512004
453	3.5118362396520975
454	3.6289971896256157
455	3.7504828040907734
456	3.8741050063819396
457	3.998659278668512
458	4.120699392320375
459	4.2467333124643085
460	4.372861929067171
461	4.502574095518293
462	4.640223906775789
463	4.778157944333897
464	4.919199337968267
465	5.0654406365017595
466	5.21045701099422
467	5.355597468532875
468	5.503456604181592
469	5.653434264219439
470	5.808835569873804
471	5.964938615046527
472	6.132967894411666
473	6.301989793541572
474	6.48583487896552
475	6.675209707815871
476	6.869394254756749
477	7.06185255970235
478	7.248862726855954
479	7.4377254882808135
480	7.625860345546523
481	7.807997488799496
482	7.99278302837397
483	8.183829648935427
484	8.38084220346958
485	8.580578024789359
486	8.785461789608807
487	8.997602329934455
488	9.212625892548214
489	9.426477758157745
490	9.643123317781752
491	9.868066965167923
492	10.100101250932376
493	10.32806601176206
494	10.56217058813482
495	10.799988130696498
496	11.045178517510951
497	11.289266918917251
498	11.532865627672017
499	11.782199143780332
500	12.02958791363162
501	12.265288172606873
502	12.500232814695979
503	12.741510527779944
504	12.978429899053902
505	13.219057077688504
506	13.463883590170807
507	13.713359038481626
508	13.963163668454191
509	14.206214548266999
510	14.458281371255978
511	14.707010320248749
512	14.961339479591707
513	15.21116027404001
514	15.46330738957656
515	15.711326963575853
516	15.958625537454447
517	16.205047223226835
518	16.44142854517734
519	16.67238905336112
520	16.894843248077535
521	17.11711650708159
522	17.334030845603742
523	17.547888527252024
524	17.762243793128167
525	17.97983957800865
526	18.185596702451818
527	18.382703148585453
528	18.585057836356054
529	18.783971084076036
530	18.973959614289146
531	19.157330084037707
532	19.336823643911195
533	19.50358863044503
534	19.65159193326481
535	19.78208488829061
536	19.895870061519616
537	19.983419224118204
538	20.051443671848183
539	20.114199797316164
540	20.175813985953383
541	20.232043168386426
542	20.281565208458325
543	20.32263805917008
544	20.363409193377656
545	20.39779141404263
546	20.42536592515101
547	20.44181211477012
548	20.464191026871514
549	20.48089586792699
550	20.494819849716073
551	20.5022512967098
552	20.48868401566611
553	20.459487404671954
554	20.41159267289659
555	20.351292595077705
556	20.27057610557599
557	20.172578096206813
558	20.055387463046472
559	19.918005461225114
560	19.776825861648543
561	19.622358419545684
562	19.458280446493514
563	19.27868936090254
564	19.07725430565855
565	18.875058610240142
566	18.664572414377687
567	18.443075406668484
568	18.207457860000506
569	17.961848346075737
570	17.711220133613846
571	17.453784460392313
572	17.199072503071992
573	16.93700677621211
574	16.667155907688336
575	16.38898421263809
576	16.10744531117471
577	15.822591673045663
578	15.535563294506806
579	15.243134642203563
580	14.944133958208257
581	14.641035714947995
582	14.329936479503559
583	14.021307404384208
584	13.707363863374692
585	13.391689913626148
586	13.070530263078918
587	12.743825706249444
588	12.413361332353142
589	12.082587812399943
590	11.752722576005711
591	11.425799309527292
592	11.099931314759617
593	10.773359709050936
594	10.450443678437944
595	10.134147282935498
596	9.81691491732618
597	9.504183927651281
598	9.194570287045897
599	8.891865588215044
600	8.59159089519678
601	8.294813390881444
602	8.003584387263777
603	7.7148412533281565
604	7.43044269580077
605	7.1475156485901135
606	6.870393237402967
607	6.598963684196684
608	6.332274237596566
609	6.0706393247517365
610	5.815552071355124
611	5.56628014483913
612	5.320922345048455
613	5.081234655641839
614	4.849682120180724
615	4.62452072596242
616	4.407626389588113
617	4.196721993226387
618	3.99420471969342
619	3.797152947009961
620	3.606664263367863
621	3.422466649547098
622	3.2463706408123447
623	3.0755446664510466
624	2.911262132058173
625	2.7534905898748265
626	2.6029381555035647
627	2.4586549196286875
628	2.3205514781594947
629	2.1884262349850108
630	2.062006492977787
631	1.9414269939105913
632	1.82756259667611
633	1.7194834794292675
634	1.6165289221588424
635	1.5186840395668528
636	1.4255217245314957
637	1.3377550728227314
638	1.254385493061821
639	1.175628321052801
640	1.1013730922879241
641	1.0309943771412877
642	0.9647363723602567
643	0.9022638757054984
644	0.8433039795020725
645	0.787741772696728
646	0.7353557344020808
647	0.6863467633480087
648	0.6404618871481904
649	0.5974761679153947
650	0.5568404379686533
651	0.5188071188401162
652	0.4832105818800873
653	0.4499196681785691
654	0.4188991194562503
655	0.38996291103346514
656	0.362985643685936
657	0.3378698943135301
658	0.3142790840003086
659	0.29241816489684547
660	0.2719373727805818
661	0.2528262882431244
662	0.23506720986620053
663	0.21862116443477464
664	0.2034378619366478
665	0.1892526255461782
666	0.17598594328478662
667	0.1636335081300131
668	0.152103271476321
669	0.1413361061121851
670	0.13132259145944838
671	0.1220708954741501
672	0.11344178951824553
673	0.10542004950431114
674	0.097981026000133
675	0.09103691028134639
676	0.08456473257537117
677	0.07852579729097789
678	0.07291593223631129
679	0.06774424559817403
680	0.06295283782447356
681	0.05851694047575117
682	0.054409803309555374
683	0.05060614390945012
684	0.047058387527476195
685	0.043748877879571206
686	0.04067977219469478
687	0.03783434995684086
688	0.03520440468954037
689	0.03277270937265085
690	0.030511672703477138
691	0.028420979850330395
692	0.026462579939678
693	0.024637423760961112
694	0.022939228625158313
695	0.021356674784114873
696	0.01988346807062619
697	0.01851825576775436
698	0.01725150906089271
699	0.01607452706929051