421	1.2012861678004672
422	1.2339669655054502
423	1.271009826028545
424	1.310294344306914
425	1.3521362571146205
426	1.396418903355832
427	1.4421229559436188
428	1.4875070432214108
429	1.5299557415471774
430	1.57336058022449
431	1.6193293469711731
432	1.6707129437179724
433	1.7252328849869933
434	1.7823427895693955
435	1.8432651528371902
436	1.90456854526949
437	1.96845319751279
438	2.0319603194109326
439	2.0969275031761674
440	2.163633383819459
441	2.231776909577161
442	2.306288204013334
443	2.3869935088668504
444	2.4691806534982303
445	2.5504506055683716
446	2.6315334321804276
447	2.7129574593768067
448	2.793352597542221
449	2.8767291338869247
450	2.9613817907559787
451	3.0490478862569512
452	3.140618139552718
453	3.2387844152461844
454	3.3435699269900416
455	3.449743721584761
456	3.5589553740379034
457	3.670050707238326
458	3.780490624290763
459	3.8925901287667233
460	4.00475808725107
461	4.120684091307257
462	4.240798650399492
463	4.36112707011345
464	4.485218419846536
465	4.614787261225155
466	4.745676632426825
467	4.877279028967576
468	5.008562507264403
469	5.141364575167957
470	5.278765633790428
471	5.422449676541615
472	5.572037170991211
473	5.728300534063143
474	5.8960963171723515
475	6.067691716354388
476	6.245168367798062
477	6.421833855828279
478	6.596451763461392
479	6.76803733023283
480	6.9374092615035226
481	7.105766091173492
482	7.278671669312568
483	7.451621221370912
484	7.628428214317066
485	7.811244313388412
486	8.001687227732413
487	8.194894234233594
488	8.391785063775634
489	8.588292879067705
490	8.792559050349167
491	8.998873792705364
492	9.210512556958884
493	9.422258924438562
494	9.638534261954698
495	9.856757855079778
496	10.080760326301156
497	10.308142613863065
498	10.533828505233165
499	10.75810986539385
500	10.978953528744883
501	11.197470105418112
502	11.415116127915745
503	11.633886184902154
504	11.852352700600248
505	12.072492587936617
506	12.292998224614495
507	12.518681399409182
508	12.74751526665687
509	12.975173636752881
510	13.202878198322724
511	13.432749741042743
512	13.665040431442453
513	13.899866612498665
514	14.130170877586815
515	14.359712279577977
516	14.583519091809046
517	14.800137821268203
518	15.012194641995727
519	15.223072327657095
520	15.429031357121227
521	15.627979819949598
522	15.82309738168087
523	16.01882118980835
524	16.21387233985759
525	16.4052727939433
526	16.590371487134412
527	16.77175626835603
528	16.95280567825796
529	17.133861747171398
530	17.311660427379177
531	17.480001875971762
532	17.641251567489817
533	17.79098866577525
534	17.923084995480952
535	18.04169957725581
536	18.14173561862518
537	18.222848813363605
538	18.290944453019957
539	18.34853073131952
540	18.401201306860926
541	18.44696865741813
542	18.4872995374421
543	18.51746854398043
544	18.544047670130983
545	18.565273428345026
546	18.582015141917992
547	18.592326367208546
548	18.60105847984729
549	18.605439833148292
550	18.603807283883715
551	18.593909007912973
552	18.56848637288139
553	18.52934472770531
554	18.47355535445598
555	18.400868346935273
556	18.312471426503976
557	18.211583547541416
558	18.09997230344548
559	17.972419455346166
560	17.833719180228577
561	17.681920750712056
562	17.519880449022583
563	17.346512518854663
564	17.163532701537047
565	16.97367578762588
566	16.774233993672325
567	16.566977762549097
568	16.353755419770014
569	16.135484362211518
570	15.911687466385441
571	15.684225051975229
572	15.449332533539405
573	15.212408181363067
574	14.971823039973003
575	14.726212218507065
576	14.478187241793847
577	14.225060023596162
578	13.969087499483518
579	13.709778300150266
580	13.443149405706407
581	13.172299989824722
582	12.895925589896978
583	12.613492162751644
584	12.327734218506803
585	12.037668508719486
586	11.743817495067438
587	11.447263249179054
588	11.149140018749552
589	10.847826798539494
590	10.546058597189159
591	10.244112831236116
592	9.943543724630599
593	9.645609852583782
594	9.349984603554695
595	9.0585626735302
596	8.770387892012645
597	8.484970257669298
598	8.20397437728396
599	7.926985353112821
600	7.653466272374178
601	7.38268204033473
602	7.11724369441272
603	6.855817863738634
604	6.598488983767243
605	6.344518450348758
606	6.095847402216363
607	5.851383308900302
608	5.6117179262092085
609	5.376411013223674
610	5.147139213816871
611	4.92212345573138
612	4.702571550885
613	4.488867002883199
614	4.281575115522775
615	4.080731578688671
616	3.886260242510356
617	3.698159011687635
618	3.5164163414728304
619	3.340666150982673
620	3.170756684210553
621	3.006480587091452
622	2.8486253808834285
623	2.696450997298008
624	2.550771843976524
625	2.4113096938486716
626	2.2777949069145667
627	2.1502274980829674
628	2.0282320027091743
629	1.9115037597443367
630	1.8002347199815671
631	1.6943685667457384
632	1.5939041649562056
633	1.498547308967355
634	1.4079691424619891
635	1.322220782447009
636	1.2409524861789925
637	1.1638950771887528
638	1.0910028113722123
639	1.0220615163546896
640	0.9569046377775811
641	0.8953766831353605
642	0.83747102756661
643	0.782860093849879
644	0.7313754108710617
645	0.6829416794633355
646	0.637384107424346
647	0.5946434028555682
648	0.554537934294628
649	0.5169222281102351
650	0.48164080667591425
651	0.4486682492749218
652	0.4178054226752101
653	0.3889489928288443
654	0.3620088164964546
655	0.3369010830600241
656	0.3134674343930257
657	0.29164676850708954
658	0.2712583268575346
659	0.2522999269389221
660	0.2346446990220824
661	0.21817931724554945
662	0.20284303921333954
663	0.18860783761484534
664	0.17539211517683226
665	0.16308010212592294
666	0.15160504196039593
667	0.14093869989607458
668	0.13098344459778705
669	0.12172199095244754
670	0.11313939132895097
671	0.10516402502216364
672	0.09773406246929557
673	0.09082488956845682
674	0.08440162084207131
675	0.07843763994998129
676	0.07287763140991911
677	0.06769896914558093
678	0.0629081337784052
679	0.0584736775829894
680	0.054353585700676374
681	0.05053044017768617
682	0.04698360139292555
683	0.04368998220322729
684	0.0406358900793084
685	0.03779687467554368
686	0.03515989337823594
687	0.032718316589907606
688	0.030449451776364024
689	0.028349850486433868
690	0.02640148297075131
691	0.02459018435430024
692	0.02290183719932646
693	0.021331948210553266
694	0.019872185451415954
695	0.01851602853299076
696	0.017250532434757406
697	0.016070982053250346
698	0.01497516482561684
699	0.013956640454457242