421	0.9477196199169564
422	0.9832066481566113
423	1.0196489481598956
424	1.058615808016008
425	1.097049646001234
426	1.1400920852551653
427	1.18187658833641
428	1.226015385675174
429	1.2706567243031595
430	1.3130065863851448
431	1.356694425150981
432	1.4011808511136408
433	1.4501855028527688
434	1.5008149687917505
435	1.553252509814375
436	1.60907055038231
437	1.6644662662973424
438	1.7241919282347364
439	1.7814410401690624
440	1.8393930392814979
441	1.897520817111611
442	1.958052274647308
443	2.025589931511826
444	2.0936240257294045
445	2.1657764987415393
446	2.2350367268275537
447	2.306377103490765
448	2.3767690900916607
449	2.445222990847519
450	2.515418391205389
451	2.5854947619198563
452	2.6606499867647195
453	2.7421099612585373
454	2.8275756908027403
455	2.918093630342917
456	3.008926203578407
457	3.10255408656052
458	3.1967051897999177
459	3.2928433057691247
460	3.3838651822732038
461	3.4797596712892522
462	3.576148453785843
463	3.6797003895333753
464	3.78334558393008
465	3.8930134004462413
466	4.000962822173341
467	4.107922218535351
468	4.213862521470134
469	4.323203321606464
470	4.43330322877479
471	4.544766141973454
472	4.660232132870207
473	4.784470923674342
474	4.911389524692482
475	5.046117325585252
476	5.186277005462072
477	5.3301920690090645
478	5.47201895667424
479	5.604659500253221
480	5.742187597631927
481	5.872252177822397
482	6.000025556080039
483	6.124424491725414
484	6.253961084189129
485	6.390795631567036
486	6.524178673036363
487	6.665606573985012
488	6.811663433443227
489	6.9558208537481905
490	7.1001446583919
491	7.248258928082742
492	7.396437236918721
493	7.543473063982209
494	7.692320687271032
495	7.842763243229922
496	7.993520445828224
497	8.146152895110106
498	8.297831887459168
499	8.450631374244246
500	8.5912845420798
501	8.730453768680192
502	8.862085208463084
503	8.99049276421614
504	9.112548453224875
505	9.230925349472031
506	9.348634661198979
507	9.476457788901424
508	9.604895081751602
509	9.736132825423953
510	9.86600315335098
511	9.992827098875965
512	10.115611519221982
513	10.235703315617958
514	10.357657091510957
515	10.47492359622715
516	10.582339301839625
517	10.681777043869733
518	10.780376582679294
519	10.87250794722386
520	10.956062000989444
521	11.03098475129018
522	11.096705357842577
523	11.156574772316823
524	11.210816135892038
525	11.262850838057311
526	11.3152772736811
527	11.357454218118422
528	11.395116699770297
529	11.442583905367767
530	11.484286581039413
531	11.51893486707476
532	11.551236383387932
533	11.572561053656207
534	11.587248330118532
535	11.588976282362989
536	11.58375502420211
537	11.563838465038401
538	11.529916990455474
539	11.487170352620847
540	11.438032112293783
541	11.384882138664711
542	11.318374565617525
543	11.248076602463982
544	11.179512332939684
545	11.105825164534789
546	11.03137526151609
547	10.95226383427626
548	10.870337250940345
549	10.79278836932283
550	10.709564475429758
551	10.62836377760952
552	10.533725075350285
553	10.431521449242647
554	10.317623353023405
555	10.199319033128976
556	10.07569364855751
557	9.94121128175877
558	9.798718562067299
559	9.650342626392359
560	9.49737054195726
561	9.33511888829708
562	9.168632029744902
563	8.996701792570416
564	8.820106469144743
565	8.643201330280005
566	8.464511451981558
567	8.282479258280155
568	8.099563770382739
569	7.914461756505349
570	7.729280876489297
571	7.549341034732396
572	7.365976848424348
573	7.181377996744531
574	7.001502470848955
575	6.828340915495365
576	6.651754493374478
577	6.480713709274967
578	6.3089996839459275
579	6.140290476604616
580	5.974077957326701
581	5.809470903244423
582	5.640917995009901
583	5.4725851745045
584	5.3035827672960725
585	5.134305725751177
586	4.965758276394329
587	4.796221207451304
588	4.62753381964062
589	4.459319225987523
590	4.292574624453644
591	4.128369359748687
592	3.9684926853113254
593	3.8118639406087538
594	3.659925439520393
595	3.5123912045474954
596	3.371674196787378
597	3.2353497838585024
598	3.102719669483936
599	2.9756534786299422
600	2.855376074808707
601	2.7396423775547896
602	2.6256494264058885
603	2.516296560654125
604	2.4105817458284307
605	2.307668417858674
606	2.2074469980080784
607	2.1099229037474982
608	2.0141220561991013
609	1.9218347188040774
610	1.8312552151827546
611	1.7440808612755188
612	1.658880489318178
613	1.5757436608797304
614	1.495395793205939
615	1.4185432920131722
616	1.3446341140190587
617	1.2732868164317959
618	1.2044491063859688
619	1.138404143989132
620	1.0749273038676654
621	1.014354192841943
622	0.9563556984141032
623	0.9014274007379136
624	0.8487737485256198
625	0.798981358851703
626	0.7517431265674538
627	0.7069027636515989
628	0.6644586967257674
629	0.6243026725198447
630	0.5864311612351762
631	0.5505213890005973
632	0.5168704624922095
633	0.4852327956471471
634	0.45546431051609165
635	0.42726110220804264
636	0.4006994418192243
637	0.37584985595752973
638	0.35225086687016716
639	0.33021286834522745
640	0.3095177834010944
641	0.28994259610944784
642	0.27142168281409423
643	0.2539777589896338
644	0.23762349012550207
645	0.22209476296667607
646	0.20752438683208016
647	0.1937935997863771
648	0.18093662633205693
649	0.16883702651677923
650	0.15747691368018707
651	0.1468717881815198
652	0.13695450408362198
653	0.1275841543912301
654	0.11883234613845418
655	0.11073943609098548
656	0.10321821196722361
657	0.0962455177360239
658	0.08978395926736404
659	0.08374071374035183
660	0.07820171714432964
661	0.07302623247918551
662	0.0682145261131228
663	0.06372032702061614
664	0.05954181320399034
665	0.055688520178832794
666	0.052099174180415646
667	0.04872538112793531
668	0.045563398842422526
669	0.04258025991455667
670	0.03978048113257124
671	0.03716621119221654
672	0.034725132632609214
673	0.0324076722673914
674	0.03025726708492569
675	0.028235699986873895
676	0.02635429196861039
677	0.02458471093933731
678	0.022925128989926997
679	0.0213907175770526
680	0.019968729636719737
681	0.01864990551457908
682	0.017423466706672015
683	0.016285152642108607
684	0.015231030066210806
685	0.014251498280276881
686	0.013335755737042935
687	0.012480740293247649
688	0.0116955942635185
689	0.010964387300211495
690	0.010286464793158232
691	0.009652615512337212
692	0.0090593039625559
693	0.00850360934849596
694	0.007982403020801993
695	0.0074936596494233065
696	0.007036690682456819
697	0.006605206370380799
698	0.006195798434546053
699	0.005814356924197061