421	1.0432621535210393
422	1.082603087964109
423	1.1243170794072286
424	1.1653381175971764
425	1.210856939340162
426	1.2568841277516274
427	1.3031251298813562
428	1.3494087270135757
429	1.3929104121136024
430	1.438037038309031
431	1.4869798180229736
432	1.5379259352982033
433	1.592934055273726
434	1.649129888369994
435	1.710329145536039
436	1.7704360514814144
437	1.833839221524477
438	1.8979176970388716
439	1.959164654384619
440	2.023682907366031
441	2.090402557028825
442	2.1620781561085627
443	2.2381393210470786
444	2.318390454368729
445	2.395036064608948
446	2.4716905434609813
447	2.5490282805001954
448	2.627081470408532
449	2.7035055306633886
450	2.782435520883935
451	2.863281526475446
452	2.9503247490081934
453	3.043908898390324
454	3.1425185159767697
455	3.243940175658011
456	3.3464705634774092
457	3.450786809906063
458	3.5547063817009685
459	3.661074374834055
460	3.7662615266225825
461	3.8730204579500485
462	3.9856968082391586
463	4.099568481519506
464	4.217842611114724
465	4.339086834473291
466	4.458632837697974
467	4.576780932779615
468	4.69654926689607
469	4.8207936248970285
470	4.945493131342143
471	5.070466003783597
472	5.201119923632622
473	5.341978416360498
474	5.489442975758801
475	5.638101480059505
476	5.792280655782135
477	5.946890428312819
478	6.097343691591812
479	6.244798848476918
480	6.3849577875548285
481	6.526726365012105
482	6.664622357532146
483	6.804672591591839
484	6.948898491848853
485	7.097077600379566
486	7.247686907918629
487	7.402904424550749
488	7.56218213646119
489	7.720374219788771
490	7.880286374876752
491	8.03868620193295
492	8.198205194812274
493	8.363232136826264
494	8.529043906885473
495	8.689158893084628
496	8.857554855139758
497	9.028180682847804
498	9.191442334037479
499	9.350354074045626
500	9.508087808679296
501	9.656651644715149
502	9.796892118266864
503	9.938176481262516
504	10.075079932552265
505	10.20973796129983
506	10.346321296419406
507	10.486425278550334
508	10.631438179605643
509	10.770924957893632
510	10.90284423241994
511	11.036427231036823
512	11.175688386286671
513	11.306991470548095
514	11.428361040331728
515	11.547659338875548
516	11.656526586719124
517	11.762651912682594
518	11.859390375139078
519	11.952163857338421
520	12.03947004801933
521	12.112342573615415
522	12.180671557274197
523	12.247491249473857
524	12.313794831148945
525	12.372822584368652
526	12.426808452234313
527	12.474741580718497
528	12.52583727612224
529	12.572465501365768
530	12.61738349228901
531	12.659903685672873
532	12.696481664724908
533	12.71513660921819
534	12.72868352716226
535	12.722487630466247
536	12.698684102456097
537	12.658495219980468
538	12.607117466986614
539	12.549838565595078
540	12.482399444220052
541	12.41591719720611
542	12.350431033160072
543	12.276148860601095
544	12.204090038865543
545	12.125190982793029
546	12.041291852296125
547	11.959312153734054
548	11.88649200484346
549	11.814083861687031
550	11.739432338493371
551	11.652949193051638
552	11.552738810400156
553	11.448494876411386
554	11.334360477901345
555	11.206297089397687
556	11.067136123229995
557	10.914819870158261
558	10.761096216604013
559	10.598639696861092
560	10.432784404684266
561	10.255293460936517
562	10.076058554021822
563	9.891060446277859
564	9.70115234896589
565	9.512966205606368
566	9.31981978144072
567	9.12318338250021
568	8.926874379233961
569	8.729124714146694
570	8.53142443876384
571	8.333342329459418
572	8.134141901766473
573	7.939531488425913
574	7.74565196868516
575	7.550493027848506
576	7.359955048610088
577	7.170152901386421
578	6.983882008429407
579	6.7984843967697755
580	6.612937075552698
581	6.4274445154888875
582	6.243590671945118
583	6.060012357953433
584	5.872116128539014
585	5.6859223728061545
586	5.49783324493433
587	5.310736465453803
588	5.126027371810821
589	4.942819325761302
590	4.761472569092766
591	4.58239144971273
592	4.406691542922501
593	4.236714112411205
594	4.073325758200573
595	3.915069038297217
596	3.7586224533295023
597	3.610801433366007
598	3.4687767698456113
599	3.3319874083811674
600	3.1993362691574005
601	3.0702700888269483
602	2.9447061020996412
603	2.821894372323526
604	2.7035211857613954
605	2.5873224556882954
606	2.4747331542961177
607	2.3645625315781995
608	2.2567021055309993
609	2.152441567980904
610	2.0504219942063413
611	1.9518490338379313
612	1.856090550982483
613	1.763140115137318
614	1.6739560568827951
615	1.5884789897295453
616	1.5062333458038943
617	1.4276193069475192
618	1.3518155460327952
619	1.278815580918014
620	1.2088510928185254
621	1.141548522154621
622	1.0773439424656015
623	1.0165276788611732
624	0.9581251537479801
625	0.9028505873018599
626	0.8502425225521573
627	0.8000975215147761
628	0.7524559413635127
629	0.7073914654636568
630	0.6647560660558427
631	0.6246333056130641
632	0.5869006733026578
633	0.5511321105857688
634	0.5175343172945965
635	0.4858846046113117
636	0.4558977039049635
637	0.4276981180083153
638	0.4010253239253085
639	0.37593136379808356
640	0.3523541966307424
641	0.33006757519204966
642	0.3090070520017189
643	0.2891949504441056
644	0.2703556128635854
645	0.2526840176643742
646	0.23599844838581982
647	0.22037218478835188
648	0.2056944659257753
649	0.19182568301002542
650	0.1788270433889316
651	0.16667838677516117
652	0.15529291090722605
653	0.14461319048508964
654	0.13468862492653136
655	0.12550465346640094
656	0.11694748436274784
657	0.10905505940763649
658	0.10166605193499349
659	0.09482745145433068
660	0.0884804796784379
661	0.08257694391608572
662	0.07709943578035641
663	0.07200339409635118
664	0.06728061254216963
665	0.06288852597841317
666	0.058772761201012186
667	0.05493507463330648
668	0.051322902958382446
669	0.04792661659081938
670	0.0447565479639712
671	0.041787225899682826
672	0.039013137433590375
673	0.036410888618531013
674	0.03397864535297714
675	0.0316954068691185
676	0.029573841905539446
677	0.027588845804594336
678	0.02574290160857888
679	0.024032852766837934
680	0.022432314095801584
681	0.020944220931220756
682	0.019564431324113278
683	0.018292920773071725
684	0.017110691583477458
685	0.016001661616353354
686	0.014970151861590234
687	0.014012219700272993
688	0.013124454998750784
689	0.012297497208277242
690	0.011524684113489106
691	0.010801855291570317
692	0.010125012775190378
693	0.009496530634556308
694	0.008906690017380998
695	0.008353652741356112
696	0.007831303948596458
697	0.00733979771618916
698	0.006879500723155776
699	0.0064499273174335025