421	1.0035241134803847
422	1.0412496800428905
423	1.0796261873878303
424	1.118173689471018
425	1.1607197309257478
426	1.2035925312253115
427	1.2484908950255398
428	1.2931829467338336
429	1.3361377471314877
430	1.3783562121463533
431	1.4224111835401971
432	1.4723006857522438
433	1.5251947689207572
434	1.5822621121162754
435	1.6395806259041876
436	1.698727745643118
437	1.759698950136321
438	1.8203621746264458
439	1.8819902695524748
440	1.945433148145616
441	2.009852195108646
442	2.0800899579500673
443	2.1556992254729552
444	2.236143156481954
445	2.3137173441162715
446	2.3902613415814247
447	2.468037478106097
448	2.543919454190541
449	2.6230558758909623
450	2.7018218556109996
451	2.7842539831990414
452	2.873074175598186
453	2.9673204725891287
454	3.067970750492083
455	3.1721206420765746
456	3.281114429885477
457	3.3887501392476738
458	3.492371967238083
459	3.5991883302764482
460	3.7056169966370156
461	3.8195888184701645
462	3.9381400166404696
463	4.058901527287453
464	4.186866189729775
465	4.316498066011868
466	4.447892589841942
467	4.57939757217604
468	4.713231612609559
469	4.847898613750154
470	4.985128166083842
471	5.127956592159624
472	5.277602114344717
473	5.43799070879408
474	5.604345511960789
475	5.779013902749063
476	5.956051435908536
477	6.131953228667274
478	6.305528906606246
479	6.478630467037389
480	6.647355164069494
481	6.813355935026587
482	6.983491096872728
483	7.155587878784438
484	7.334239971508798
485	7.518731925674141
486	7.707183464622773
487	7.900064701694798
488	8.098012595207987
489	8.293359267691104
490	8.499095482922034
491	8.708443057266004
492	8.918594221225918
493	9.131035403002972
494	9.346816829328485
495	9.562596061923962
496	9.782556692935765
497	10.010589364456902
498	10.230416791895205
499	10.453296685836989
500	10.675875676942027
501	10.893132830528938
502	11.104631025481273
503	11.312852885732594
504	11.517221593160558
505	11.72393823402424
506	11.935758927346335
507	12.149641947157654
508	12.367384390979229
509	12.586350967582355
510	12.805615705238088
511	13.025175589319097
512	13.245453637044111
513	13.458154763657921
514	13.663799494189112
515	13.867889548350913
516	14.073503823663094
517	14.272712115849966
518	14.465318202014286
519	14.654372671871862
520	14.83255473491793
521	15.009353334255291
522	15.170562598205644
523	15.330659662422699
524	15.487405827026912
525	15.644988268186161
526	15.795892749628814
527	15.938407463932814
528	16.092279321414214
529	16.242496934400563
530	16.38028518075085
531	16.518093954974255
532	16.64731269707946
533	16.768534885684776
534	16.87181965319116
535	16.96137675465524
536	17.038598678384623
537	17.09543193005859
538	17.142625595212373
539	17.178806803077286
540	17.210774409845776
541	17.235046674768626
542	17.2494989592542
543	17.259219924962867
544	17.26245698582712
545	17.258327808474572
546	17.24715004388445
547	17.2296096071502
548	17.219806556311788
549	17.20379315284263
550	17.180825189958384
551	17.14808644742823
552	17.102042788514996
553	17.041037048962764
554	16.96701844178605
555	16.87913926513
556	16.777026469662918
557	16.667618400286877
558	16.55037710440217
559	16.41859586752837
560	16.27965864345259
561	16.123986096594972
562	15.965735647788083
563	15.794048954207957
564	15.617168808072476
565	15.436601235370718
566	15.243431301357358
567	15.046553759779037
568	14.843227946861319
569	14.63494621222217
570	14.41983936205166
571	14.20109911449646
572	13.972750430109913
573	13.747928675004395
574	13.524717342936441
575	13.291531967802872
576	13.06038532806672
577	12.823585056656139
578	12.5846016906802
579	12.34306629908673
580	12.094685727605782
581	11.846656066821351
582	11.595038968694713
583	11.33816045009171
584	11.075036861130714
585	10.810245352596967
586	10.539978060792278
587	10.267400687197053
588	9.993405883006572
589	9.715906457149345
590	9.43815385540205
591	9.16118484527409
592	8.88532826166961
593	8.61362102048237
594	8.34182928250776
595	8.075426878518677
596	7.811448061100154
597	7.552223506021092
598	7.2974044428347815
599	7.047572029676535
600	6.802325633738338
601	6.559232600174356
602	6.322190026285649
603	6.0875605624537386
604	5.85734781885469
605	5.631071592731365
606	5.408837172352228
607	5.191591348154433
608	4.977202093873438
609	4.7661707452141755
610	4.559779117114998
611	4.358639423281124
612	4.162184908923726
613	3.9710259895253235
614	3.784498051081632
615	3.6040783314599603
616	3.429731773689473
617	3.2609840285133784
618	3.0987466044382406
619	2.94140561371361
620	2.7893845077305084
621	2.6426609838589163
622	2.5025398879435765
623	2.3683663652730624
624	2.239369948624343
625	2.1154696335244334
626	1.9972599116870644
627	1.8844170193919747
628	1.7766811439970687
629	1.673798434670347
630	1.575896911553771
631	1.4825038266869588
632	1.3939575461791915
633	1.3098575926624751
634	1.2304541115868766
635	1.1552535988598354
636	1.0837383731746666
637	1.0160658161042817
638	0.9523322259137111
639	0.8920284913615435
640	0.8350985401791149
641	0.781164144891285
642	0.7305134734502788
643	0.682700357523894
644	0.6375846964831305
645	0.5953736779661759
646	0.5556472302307223
647	0.5182331292811946
648	0.48326457451640253
649	0.4504808086003866
650	0.4197644859886364
651	0.39102469173229976
652	0.36405936860084787
653	0.3388379514561364
654	0.3153775124598412
655	0.29348711143624934
656	0.27312946597701515
657	0.25415796619700537
658	0.2364276652405903
659	0.21993808028820064
660	0.20462937222060668
661	0.1902888105087766
662	0.17692945302644325
663	0.1644782051149317
664	0.152950618733639
665	0.1422349175841612
666	0.1322552469866523
667	0.12297359875071202
668	0.11431439159499773
669	0.10623647495227644
670	0.0987391203327313
671	0.09176822137354351
672	0.08527279578453702
673	0.07921033854407161
674	0.07358837144552961
675	0.06837172534587432
676	0.0635270592531987
677	0.059023176309789455
678	0.054835602674918285
679	0.05096075162260878
680	0.047361519465721244
681	0.044024818153054895
682	0.04092717838350038
683	0.03805915750133947
684	0.03539933050319827
685	0.03292911640882377
686	0.030643359356315722
687	0.028527556791797318
688	0.026559912920303377
689	0.024734620583914756
690	0.023035023009665853
691	0.021461864132099093
692	0.019990629589834
693	0.018623409325862116
694	0.017348078964649575
695	0.016168414724779704
696	0.015068355994530016
697	0.014041412364212757
698	0.013085484742232551
699	0.012196242029433146