421	0.9754025232919266
422	0.9951967613388032
423	1.0189406733028112
424	1.0460688109324934
425	1.0741656353777602
426	1.105383127308478
427	1.1368362058270314
428	1.1691683505185224
429	1.2002581689681948
430	1.2344966511777058
431	1.2694736433273588
432	1.3100065985275167
433	1.3513881525475921
434	1.3937368374130048
435	1.4385647565932345
436	1.482629055248141
437	1.5301564738703688
438	1.5781522401454406
439	1.6263055611863548
440	1.6781589995605188
441	1.7287875982344727
442	1.783493393910405
443	1.8427918929184053
444	1.9009557811843256
445	1.960332634541929
446	2.0202765735757344
447	2.0829208808977793
448	2.1439182784672908
449	2.210321905859373
450	2.2767923351747226
451	2.342788303492756
452	2.410749998356716
453	2.481829805350992
454	2.557273884553773
455	2.636209387882094
456	2.717119135895855
457	2.799398144913934
458	2.8829661182562165
459	2.963982202151512
460	3.045616891498394
461	3.12906053669282
462	3.215431721199798
463	3.2992604759025004
464	3.3902332352968725
465	3.484367929467747
466	3.581354310569697
467	3.6773396969943613
468	3.773261063563751
469	3.8693990679606043
470	3.974258019264007
471	4.077995186726449
472	4.186936726238139
473	4.297303349507706
474	4.415622163326914
475	4.534599892579659
476	4.658484435369855
477	4.78018459290785
478	4.903604347404134
479	5.025363577583294
480	5.145692904933679
481	5.2700147654535
482	5.397622783433057
483	5.521166489529683
484	5.643364834650409
485	5.773686689410027
486	5.910273782997888
487	6.048342849563463
488	6.189965993410638
489	6.330976608102087
490	6.477511408696016
491	6.619045820326025
492	6.763149323831305
493	6.908081860423976
494	7.057649759942498
495	7.209001031314822
496	7.359878347078915
497	7.517207361155274
498	7.67075959369637
499	7.821506770503766
500	7.972799963503622
501	8.128236068477149
502	8.285479773589412
503	8.447468419238326
504	8.60760042301255
505	8.771149632217403
506	8.929447557983925
507	9.08868916617086
508	9.248348487313852
509	9.409119550742107
510	9.567482666025287
511	9.729788419995439
512	9.89287632423416
513	10.05886027016161
514	10.210673546989483
515	10.364539307275747
516	10.511830828568415
517	10.657190373381479
518	10.802744111417052
519	10.9542369893558
520	11.107048785303773
521	11.254146006085817
522	11.39773078097669
523	11.540164876431005
524	11.683538929890789
525	11.814740421159941
526	11.940600207222849
527	12.074304708122554
528	12.21063656986144
529	12.346433023749574
530	12.470123823246526
531	12.587196085276833
532	12.695955658989705
533	12.793349080090259
534	12.885193134113676
535	12.968098841825844
536	13.043634746366116
537	13.110433648061854
538	13.172735885027695
539	13.230494275311212
540	13.290737242855306
541	13.337222023253318
542	13.376190872122802
543	13.403914402521947
544	13.429683530791612
545	13.451761429304366
546	13.47306121710923
547	13.48725701220665
548	13.499637339754909
549	13.510009436725841
550	13.511958760147358
551	13.506346178144216
552	13.491648486702868
553	13.456750456039357
554	13.413930365155165
555	13.362650372640958
556	13.308346382041025
557	13.247596977240063
558	13.184161871556272
559	13.11141539105157
560	13.032717541902237
561	12.937240350790452
562	12.832705887307608
563	12.719057767687655
564	12.595291146196246
565	12.463731451986975
566	12.331576573506549
567	12.19866361782288
568	12.06023067918164
569	11.920179892926816
570	11.773553867847525
571	11.619990669135822
572	11.452386828148878
573	11.281774016791557
574	11.108562595280944
575	10.931180841446434
576	10.74644834184301
577	10.568473115111487
578	10.387733925634059
579	10.203906592231291
580	10.011562932887236
581	9.817063500998511
582	9.615184716331104
583	9.40867181676295
584	9.197202628541056
585	8.98383189109663
586	8.767826463339846
587	8.550621315851899
588	8.33412716286956
589	8.119117261907041
590	7.901363311181342
591	7.6842141668047175
592	7.468087038844994
593	7.254770055070665
594	7.040292035598438
595	6.825046024103402
596	6.6119889439359705
597	6.399423371994717
598	6.19185008780848
599	5.987142264083943
600	5.78479161165713
601	5.583514572333735
602	5.386671436115386
603	5.1924051616254925
604	5.000193145789016
605	4.809391379116223
606	4.6225924951077335
607	4.437792271366135
608	4.258395400515556
609	4.079564416171237
610	3.9063868632763117
611	3.736882927499947
612	3.570694991282588
613	3.4098246770533893
614	3.2534041051451097
615	3.1014089433973964
616	2.954728460444841
617	2.8129961520714493
618	2.676281632785457
619	2.5438108035175957
620	2.415677882188543
621	2.2905097383870436
622	2.1709912868398646
623	2.055812128374532
624	1.9458046816042878
625	1.8403461378862567
626	1.7399860208760196
627	1.6437855600276812
628	1.5516884965494087
629	1.4636670055658194
630	1.379423027442323
631	1.2990696182897428
632	1.222359776992945
633	1.1496869923780006
634	1.0809537175128834
635	1.0156384347268004
636	0.9534402392675739
637	0.8941755924079555
638	0.8381288764910736
639	0.7846247909317826
640	0.734117587395157
641	0.6865767368312026
642	0.6418537416928993
643	0.599806618367182
644	0.5601217174372869
645	0.5227749170211305
646	0.4876997304976042
647	0.4548499600441553
648	0.4240486454924648
649	0.39526850621787707
650	0.36830266235270787
651	0.3431705887350007
652	0.3196484779218594
653	0.2976538344658917
654	0.2770287737079229
655	0.25776969126332644
656	0.2397857232539166
657	0.22301825333708805
658	0.20743506396780295
659	0.19294648041947174
660	0.17939629293163087
661	0.16683201903397343
662	0.15508808659189935
663	0.14420847785371735
664	0.13405838228467762
665	0.1246107632658599
666	0.11575725517879598
667	0.10750305381265117
668	0.09980435777769353
669	0.09263981488190193
670	0.08604247125311013
671	0.07989501514431659
672	0.0742011540551739
673	0.06890347937186617
674	0.06398921666340067
675	0.05944477527852457
676	0.05520490208446606
677	0.05125890258817714
678	0.04760990319984076
679	0.0442478573725361
680	0.04112457631212812
681	0.03822829813489029
682	0.03553877618496323
683	0.033028808107974345
684	0.030700058784377416
685	0.028529155440021152
686	0.026516129544553305
687	0.024649564434641152
688	0.02291142464921287
689	0.021307512917592062
690	0.01982732876045687
691	0.018454316476066813
692	0.017174852892461564
693	0.015990185236611238
694	0.014893595617274298
695	0.013869659831379928
696	0.012911581778580171
697	0.012021976417959651
698	0.011191957513595932
699	0.010422217833079474