421	1.0284233391494129
422	1.051123848020743
423	1.0788281481867577
424	1.107852611457122
425	1.139511564697472
426	1.1729165950036318
427	1.2059550426147638
428	1.2430359431282028
429	1.2775276362133539
430	1.3153223312939049
431	1.3535027140980243
432	1.3966979717590138
433	1.4418451627957747
434	1.486540816700934
435	1.5329243883568182
436	1.5824959978955222
437	1.634070716528951
438	1.6857269199354716
439	1.7405182426183006
440	1.797611536265053
441	1.851732779714506
442	1.9106994476440726
443	1.973888613383438
444	2.0376820425476687
445	2.1040142504813177
446	2.170217494240625
447	2.23723059897924
448	2.305633050334412
449	2.375295193118914
450	2.4467833916766772
451	2.5198340721399615
452	2.5942089084062157
453	2.673413644238511
454	2.756277560755926
455	2.841529877288621
456	2.9291140468547123
457	3.017292555931502
458	3.1064439583543564
459	3.194173546208423
460	3.2838357897338524
461	3.375578708864558
462	3.4718371536610126
463	3.5657753147372855
464	3.661256666033458
465	3.7636041871758907
466	3.8677705729364416
467	3.9714303984929686
468	4.075477345420204
469	4.180589559188536
470	4.2883513078427375
471	4.401806566873547
472	4.517377256989413
473	4.636837377768521
474	4.7621897974794445
475	4.890516668490217
476	5.022884471657721
477	5.155311179256241
478	5.287156355320835
479	5.416340251141439
480	5.545086804557868
481	5.674152025286202
482	5.809567456601944
483	5.941619637997131
484	6.073379486394024
485	6.209724385559388
486	6.352255254215057
487	6.495250107505054
488	6.638549283669081
489	6.781249029238094
490	6.92759660833903
491	7.069733393306806
492	7.2156568473290825
493	7.362621047685929
494	7.513680438297108
495	7.663622426203893
496	7.816714287657151
497	7.972721995713557
498	8.12642256584709
499	8.277060879021112
500	8.425075059426991
501	8.58206655208808
502	8.740647722782798
503	8.89687531540862
504	9.05005483261706
505	9.207265018709505
506	9.358271293490409
507	9.513649221749274
508	9.671826959169092
509	9.82567082379611
510	9.981760044533132
511	10.13517119616025
512	10.290992635286344
513	10.449363707990493
514	10.592780707857932
515	10.733511016364934
516	10.869530653652603
517	11.00719015984208
518	11.139517645256559
519	11.275830370980973
520	11.414824767388724
521	11.544282102296185
522	11.66652359623924
523	11.784998345804944
524	11.90617709631769
525	12.018260861911859
526	12.130686308753058
527	12.241294294669775
528	12.356425638913935
529	12.474938812387862
530	12.586059226222732
531	12.685991265156217
532	12.775119114210112
533	12.855808851206566
534	12.924263867135236
535	12.989733377078357
536	13.052445232945892
537	13.107152651962018
538	13.154686973433293
539	13.18842505487187
540	13.221774471455618
541	13.24105409414324
542	13.255117515863649
543	13.258636869365423
544	13.260157736764526
545	13.259324197723613
546	13.26276363190207
547	13.260053317699937
548	13.254972710690117
549	13.243190541963747
550	13.219915794079245
551	13.188160389031374
552	13.143347436664827
553	13.092485666610672
554	13.034799810209503
555	12.974137786242988
556	12.902314245784043
557	12.82918400304951
558	12.750677709459772
559	12.657759630481413
560	12.554286545043036
561	12.442917582596069
562	12.319896553079047
563	12.187750487031904
564	12.055121613684216
565	11.914102571831934
566	11.76955376632965
567	11.622862300015335
568	11.469035135342033
569	11.310936502755952
570	11.149576727155528
571	10.984714798256261
572	10.81005427840878
573	10.63562645294772
574	10.451339478676365
575	10.269598389766628
576	10.088561538329014
577	9.90712190855753
578	9.729344307103608
579	9.546084369178573
580	9.357144325845436
581	9.165508995510612
582	8.969354726454702
583	8.767044921678085
584	8.563869086375682
585	8.355662409648868
586	8.147175916804041
587	7.939552534345075
588	7.729074516435771
589	7.519790894113547
590	7.308228433012952
591	7.100477698207586
592	6.8944911164680835
593	6.688848740712871
594	6.482111612201544
595	6.278086048593531
596	6.077449041284678
597	5.877021027657351
598	5.680911514359757
599	5.488496056179116
600	5.298601758682095
601	5.112011118509324
602	4.928462396135509
603	4.7481992289641015
604	4.568003299793833
605	4.39176878802741
606	4.2190990884188375
607	4.049975716974986
608	3.8845884577784093
609	3.7202734280718364
610	3.56162100723886
611	3.404815961475547
612	3.2522185665817913
613	3.104150752087112
614	2.9613815489564197
615	2.823054967564258
616	2.6891902913918386
617	2.5601832049543822
618	2.4351173143947986
619	2.3140463246448477
620	2.196858329965455
621	2.082748188857477
622	1.9733259525299165
623	1.8678879356171316
624	1.7675922649388582
625	1.6716317159321812
626	1.5796022990596568
627	1.4915707602126018
628	1.4074140193113596
629	1.326611923352412
630	1.2495076533499143
631	1.1762122026112973
632	1.1064564277942839
633	1.0404756767233179
634	0.9782562334577137
635	0.9191418672091117
636	0.863063147343041
637	0.8096010379977001
638	0.7587347565906786
639	0.7106255953077334
640	0.6651848745641727
641	0.6221078693713353
642	0.5817542659394709
643	0.5438278845918652
644	0.508053895461137
645	0.4743504656926278
646	0.4427765129256004
647	0.41286623420269514
648	0.3849428252854589
649	0.3587569307938656
650	0.3342480953258795
651	0.31152382256655525
652	0.290222694567514
653	0.2702175161580732
654	0.2515529394846039
655	0.23409504834720346
656	0.21779881785183183
657	0.2025593389463782
658	0.18841557310853851
659	0.175182381325327
660	0.16296193892576313
661	0.1515381119431302
662	0.14088415739266022
663	0.13102904957878217
664	0.12180306353401125
665	0.11321148946089937
666	0.10518789946126053
667	0.09772699159270382
668	0.09074711947136195
669	0.08425886351474773
670	0.07827644783874417
671	0.07270571259325574
672	0.06753338602667049
673	0.06271791548831779
674	0.05826538603214788
675	0.05414227736563483
676	0.05029645816584239
677	0.0467206095102314
678	0.04341646631443
679	0.0403593421464846
680	0.037522418106973536
681	0.034881162215481716
682	0.03243121363299572
683	0.030145662422834042
684	0.028024389907734308
685	0.026048357584655655
686	0.02421745701903421
687	0.022524027031463077
688	0.02094991395023972
689	0.019488212387718855
690	0.01814067048845146
691	0.016888923777942266
692	0.01572443224768381
693	0.014643101881279038
694	0.013643231082258352
695	0.01270866075119858
696	0.01183411674268928
697	0.011019408515628916
698	0.010264869182800727
699	0.009561946528831605