421	0.8560327382487586
422	0.8852682362094006
423	0.9182698082277824
424	0.9506978213785288
425	0.9846251527547644
426	1.0213186759391089
427	1.0588478558151952
428	1.094210550167267
429	1.1275121782969082
430	1.1632410239958058
431	1.201665759462238
432	1.2416993269980283
433	1.2864838884750425
434	1.3310628661485906
435	1.378859635813343
436	1.4279247877131362
437	1.47862628169499
438	1.5305786502085474
439	1.5813889214452532
440	1.6311542034231776
441	1.6854700122278368
442	1.7433696065159736
443	1.8065811539655927
444	1.8720252660128673
445	1.9362643194426836
446	1.9988411600959763
447	2.0628399156873187
448	2.125324260757901
449	2.1882422895453866
450	2.2500556994518077
451	2.3172361349457944
452	2.390660497360071
453	2.468757678067289
454	2.552174849252506
455	2.6413606784174646
456	2.729769752383024
457	2.8200357486553016
458	2.907963408358062
459	2.996546920686704
460	3.0860449249076423
461	3.175598332853366
462	3.277732331182664
463	3.3803488386467238
464	3.48712863008173
465	3.592686639649099
466	3.6986711124142024
467	3.8050723913276028
468	3.9102362866525424
469	4.022939055498188
470	4.138431424171619
471	4.256090580644502
472	4.3840279081897355
473	4.515829783154901
474	4.659337323798524
475	4.805348586195741
476	4.957169811871917
477	5.106700174735148
478	5.252478778440525
479	5.40169902733367
480	5.546766185781166
481	5.691862611753459
482	5.83387048080921
483	5.977543992474184
484	6.127548893870995
485	6.283498841070846
486	6.442458338798005
487	6.61156019277518
488	6.78087381232604
489	6.945698678263651
490	7.116323434520087
491	7.292214006189008
492	7.471735150734675
493	7.648344682303166
494	7.834599914071781
495	8.017345811304418
496	8.20628720965067
497	8.398730360808601
498	8.590719292585117
499	8.779462661769498
500	8.966041991576512
501	9.147256709625676
502	9.322147174728382
503	9.5006632954379
504	9.673539888943756
505	9.84807533634812
506	10.026333356791245
507	10.202206054346776
508	10.388125251519265
509	10.574794811144002
510	10.756623937155743
511	10.9352055669073
512	11.113578330879594
513	11.285405706053199
514	11.456441938756996
515	11.6329615237541
516	11.801622640759302
517	11.966900430156299
518	12.125564190233073
519	12.276355691671226
520	12.422815833632072
521	12.563582551960701
522	12.693193395415054
523	12.82600073413344
524	12.95735184712933
525	13.083232400011871
526	13.214971508630205
527	13.338397101629429
528	13.467060914908414
529	13.588464336722856
530	13.706320028928866
531	13.821674834279431
532	13.927808807526493
533	14.017635067906324
534	14.103977827780653
535	14.172191450414443
536	14.22612251519875
537	14.273886916667573
538	14.300525916343219
539	14.328715987395018
540	14.34564524448257
541	14.350248150772243
542	14.356320265492183
543	14.361003663811095
544	14.36030472577887
545	14.356995870589014
546	14.351047173383979
547	14.340681379548625
548	14.335486182754439
549	14.322496108630748
550	14.30069186242918
551	14.271409092942323
552	14.230984783943473
553	14.177045768681797
554	14.108920154884556
555	14.032954574929601
556	13.94297333231324
557	13.84671669284684
558	13.741462050293565
559	13.625796924020152
560	13.500543428440182
561	13.363069409655733
562	13.224063766529504
563	13.075886544547396
564	12.92320424533326
565	12.771441450529753
566	12.611808652422186
567	12.452017106430862
568	12.28269189741256
569	12.110876093179343
570	11.937356722258201
571	11.760618502409125
572	11.576983398173267
573	11.395404972029512
574	11.211308212005239
575	11.029110146034629
576	10.842609131180609
577	10.653974594166451
578	10.461720498335609
579	10.267265448638797
580	10.069272761331852
581	9.870275363869371
582	9.666518427733804
583	9.45310733787145
584	9.237272190238295
585	9.019404393429523
586	8.796533044403702
587	8.57043531318872
588	8.342423062208157
589	8.112646014799173
590	7.881736607759631
591	7.6534558336038465
592	7.426666319371675
593	7.2005432985980535
594	6.974770068764355
595	6.754310541759324
596	6.536562286164073
597	6.321266150058829
598	6.108837697547046
599	5.902512096123747
600	5.699286381847499
601	5.496784346128895
602	5.298766186663163
603	5.103539040605608
604	4.911906601982684
605	4.722781641993548
606	4.5370395781222
607	4.3543938991354585
608	4.175234754636019
609	3.99835678916359
610	3.8264209035801877
611	3.6584696596085453
612	3.4943578440731633
613	3.3339592985054542
614	3.179278199877699
615	3.02849643995242
616	2.882812128952676
617	2.740966957896557
618	2.604141321959615
619	2.4716013740500618
620	2.3440559983718208
621	2.2201695873345297
622	2.1025771308448293
623	1.989695013121093
624	1.8813704728578873
625	1.7776760062275334
626	1.6784274811379882
627	1.5835305087148135
628	1.4929287673524485
629	1.4068256936494203
630	1.324501803383774
631	1.246468056987998
632	1.172623410092302
633	1.102310574480869
634	1.0358157511219621
635	0.9727009594556395
636	0.9130341954729986
637	0.8564224422952591
638	0.8029710280698864
639	0.7523555019894036
640	0.7047238501597761
641	0.6598526435187636
642	0.6174695336071235
643	0.5775789570035117
644	0.5398522838377608
645	0.5042873131708614
646	0.4707545485661674
647	0.4393739611696964
648	0.409962926134739
649	0.38220252918349784
650	0.356272153733075
651	0.3319674347851048
652	0.3091474312406528
653	0.2878470407712999
654	0.26790922783613075
655	0.2493651352094129
656	0.23205189876015056
657	0.2159880451428851
658	0.20098416273508696
659	0.18708770638775196
660	0.174143991480493
661	0.16202496092013233
662	0.15077908042688828
663	0.14023990250289728
664	0.13050667158441562
665	0.12148943738566978
666	0.1130613984671002
667	0.10522400484453638
668	0.0978995820403618
669	0.09107832538839836
670	0.0847306642399153
671	0.07882280143006054
672	0.07330618121670843
673	0.06814708260165302
674	0.06336792956050777
675	0.058927731969627424
676	0.05480441215219728
677	0.0509607692824729
678	0.04737223588420484
679	0.04405298448110791
680	0.040966880472554104
681	0.038108280498870134
682	0.035448530942288316
683	0.03299240809929292
684	0.03070502759304599
685	0.028577842322324187
686	0.02660808212859247
687	0.02477893468709335
688	0.023082370013547047
689	0.021511072285190582
690	0.020051293624532278
691	0.018697296403270645
692	0.017435500811825565
693	0.016259888855884308
694	0.01516497200442554
695	0.014146980701055124
696	0.013194522434460568
697	0.012306632856438536
698	0.0114785165029294
699	0.010710200520790168