421	0.9220104349151911
422	0.9516425951927459
423	0.9841262257984947
424	1.0182471758123024
425	1.0546911094485487
426	1.0916443750088176
427	1.1301854625128422
428	1.1677912493385987
429	1.2044888542922194
430	1.2387397780149918
431	1.276559116708756
432	1.3171791059858953
433	1.3600405692366297
434	1.405571363720138
435	1.4550984814231305
436	1.5045180754618321
437	1.553007861974762
438	1.60368902472123
439	1.6559058977253132
440	1.7068256858900164
441	1.7632364218687173
442	1.8198114554451674
443	1.8857209114758284
444	1.9511413882272906
445	2.0169293952393
446	2.0829884192673385
447	2.149486385939775
448	2.2126785259083266
449	2.2772987095351063
450	2.342348837977299
451	2.4130632113219908
452	2.485752379845278
453	2.5643172003009242
454	2.650444059639636
455	2.7376535348218702
456	2.825847589260778
457	2.9147333533514255
458	3.0013473013997185
459	3.092995165721022
460	3.185754104972979
461	3.278636920482427
462	3.3799333885458878
463	3.4829375670667813
464	3.5856077335272984
465	3.692876995980046
466	3.7976760140588497
467	3.9054987868260564
468	4.014532978396289
469	4.122082284212186
470	4.23396460515924
471	4.35104574640929
472	4.4726572711298855
473	4.599266739477547
474	4.735490610297937
475	4.876717449367691
476	5.021554570446382
477	5.168262840906354
478	5.313216494461939
479	5.453717846145617
480	5.592387513551818
481	5.730040020480668
482	5.869170404163891
483	6.008057540829424
484	6.153932712021726
485	6.305286535121291
486	6.458649542176445
487	6.622011425044453
488	6.7809583815944094
489	6.948752679209661
490	7.117619688973416
491	7.289283975374057
492	7.459042500003683
493	7.631419336186346
494	7.806790298745507
495	7.979679400876873
496	8.161709713329763
497	8.341201191373262
498	8.524066568140556
499	8.699583348827218
500	8.871605149762582
501	9.042241087317564
502	9.206304135900432
503	9.365768164543024
504	9.520306190497545
505	9.68286548726508
506	9.840892295321968
507	10.007010627116646
508	10.17305296610396
509	10.336558391607545
510	10.505141217145356
511	10.670824667480098
512	10.838892787016594
513	11.008261777979037
514	11.168395421602199
515	11.323861740123595
516	11.474915054048532
517	11.625527061746684
518	11.767713852404666
519	11.904759852570912
520	12.040053144336024
521	12.165983535579635
522	12.296105670256068
523	12.411320135342478
524	12.526400136984075
525	12.635089193876098
526	12.741701410647106
527	12.846816326701745
528	12.955617003924344
529	13.059972745209024
530	13.160479227373122
531	13.256120398010466
532	13.350131245132264
533	13.436014920880952
534	13.502044880634873
535	13.551291753136864
536	13.593621185191058
537	13.617322160697135
538	13.638208276486624
539	13.641967618362813
540	13.645084150687644
541	13.636082851413203
542	13.626784228929619
543	13.612065548759075
544	13.594724739255364
545	13.575587834342528
546	13.551501726351512
547	13.52605540236512
548	13.503314087653322
549	13.471204367175382
550	13.43922998113946
551	13.400884170581653
552	13.3519148070241
553	13.292208812151198
554	13.222133429108952
555	13.139971478323398
556	13.048280264191707
557	12.943594465950365
558	12.837808598873835
559	12.714423472135241
560	12.583535594463267
561	12.443721100062193
562	12.301766176377452
563	12.15150140998712
564	11.99641659941292
565	11.837570433680431
566	11.667685094254091
567	11.497424789876206
568	11.324521915193717
569	11.144380904489212
570	10.96286924872019
571	10.77941108204764
572	10.593038917983968
573	10.405079639066798
574	10.21930217652712
575	10.030482441044597
576	9.841668514778855
577	9.653327191300644
578	9.46156929276912
579	9.275112401047195
580	9.082084946481839
581	8.888093687000017
582	8.69024869826995
583	8.489599150383963
584	8.283963443426849
585	8.077551429482009
586	7.86878636249286
587	7.657670950899911
588	7.445253770867605
589	7.232952071963884
590	7.016974691732321
591	6.806095792753567
592	6.596145106640625
593	6.38829817993999
594	6.182337068617627
595	5.981028137552678
596	5.784656413210142
597	5.5900986311561445
598	5.399159200171804
599	5.212472919074664
600	5.029000271309501
601	4.848767500604156
602	4.672120522338333
603	4.498338622142389
604	4.328415394546962
605	4.160329681084288
606	3.9966246193093697
607	3.834542452074608
608	3.6746900260814486
609	3.518527952507029
610	3.3672616882633983
611	3.2181274816838865
612	3.072748747240567
613	2.9314357787121175
614	2.7941683216616453
615	2.6614085567506365
616	2.5327376586851678
617	2.407928228692812
618	2.2874779995305876
619	2.1708149096056633
620	2.0586407054492146
621	1.951346189606139
622	1.8473403244986761
623	1.7471801559082605
624	1.652187726194899
625	1.5612112513545573
626	1.4747289055236616
627	1.391763292863951
628	1.3121554678988396
629	1.2366439220592778
630	1.1648660488252018
631	1.09628509760551
632	1.0316259389597182
633	0.9701531914025449
634	0.9116694364721224
635	0.8568779099625937
636	0.8049070523651234
637	0.7555737837661496
638	0.7088619590703057
639	0.6646574055767686
640	0.6231097757715371
641	0.5838982326081514
642	0.5466940508881841
643	0.5116083801887787
644	0.47852670558030613
645	0.4473932312631644
646	0.4180125215122612
647	0.3904047164315881
648	0.3643104580052751
649	0.3398080452808053
650	0.31680956633573815
651	0.29523459434530575
652	0.2750089619005204
653	0.2561124794234637
654	0.2384896292599036
655	0.2220897265151622
656	0.20680259129105158
657	0.1925585889631769
658	0.17925586829293996
659	0.1669202631326604
660	0.15544714814623076
661	0.14476796834210567
662	0.1348196210811534
663	0.12554960283647185
664	0.11694566751120102
665	0.10895757404707038
666	0.10147767948660386
667	0.09450349327463962
668	0.08799623327694224
669	0.08189007136347669
670	0.07623077053007427
671	0.0709510715947635
672	0.06600307917943887
673	0.0613931412050075
674	0.05710229392236075
675	0.05311224336767788
676	0.0494071122025357
677	0.04595837582278549
678	0.0427504587572163
679	0.03978819880948954
680	0.03702999524018294
681	0.0344721766719516
682	0.032102767359373445
683	0.029901088252064258
684	0.027855570749636935
685	0.02596555631442389
686	0.02420055559314083
687	0.022564187157925505
688	0.021045340848994783
689	0.019635902896731713
690	0.018323650144074083
691	0.017104484806039516
692	0.015961190786916057
693	0.014899106525932345
694	0.013906982177331521
695	0.01298180199935158
696	0.01211828166914747
697	0.011313877981520531
698	0.010559170452237915
699	0.009860549020863035