421	1.0437402906558284
422	1.083594228227812
423	1.1236603347193763
424	1.1651302148427287
425	1.209325685031719
426	1.254145282555098
427	1.3014377217216608
428	1.34845906856884
429	1.3908410359890102
430	1.4365682652240734
431	1.4840094325200048
432	1.5343763740941296
433	1.5881232438617168
434	1.6453922863123374
435	1.7057842142908057
436	1.7683072751058426
437	1.8339336352141202
438	1.8986147954868369
439	1.9644738515721403
440	2.0306926681497766
441	2.1001496149152294
442	2.1756134666388243
443	2.256558430122526
444	2.3400532947550747
445	2.4210659908577656
446	2.502148947846405
447	2.5836897631916713
448	2.6656737029008837
449	2.74592451508991
450	2.829317651014389
451	2.914929968704282
452	3.006786249648593
453	3.104232862540825
454	3.2107606837549554
455	3.318069079597711
456	3.4287517026030794
457	3.5408124033724415
458	3.652679370927763
459	3.7636740319210236
460	3.875184133216584
461	3.9921177554354053
462	4.112053607990216
463	4.234952237086294
464	4.36355343335237
465	4.495033838593829
466	4.625243844911318
467	4.75875794547685
468	4.889671349931434
469	5.0283385755114605
470	5.168378616935401
471	5.311550659027807
472	5.464745685489405
473	5.626573090479025
474	5.793214966863835
475	5.967819049986454
476	6.146366564642104
477	6.323589410922482
478	6.493879163094723
479	6.665931206435437
480	6.83408490994417
481	7.002975953767609
482	7.167432656282926
483	7.333872931323062
484	7.5081801556195025
485	7.687324330950679
486	7.8646586184349525
487	8.052702451970516
488	8.24637422882468
489	8.442786413515996
490	8.641813206071612
491	8.841274879269312
492	9.045962884390608
493	9.250716089878111
494	9.458024010418896
495	9.665326098898605
496	9.879243928790942
497	10.090436162409848
498	10.298662471910053
499	10.510199431745553
500	10.715636502915762
501	10.918657743194329
502	11.109566062796885
503	11.299470159442658
504	11.491889073292795
505	11.677969657048227
506	11.877074430414764
507	12.067612025844667
508	12.26924426875458
509	12.467261549203517
510	12.664147119682106
511	12.860232366622231
512	13.057215953705144
513	13.252927240416321
514	13.437684212646353
515	13.621855217565537
516	13.803461454374299
517	13.97789207947797
518	14.148488367851572
519	14.312208285845658
520	14.468057261609086
521	14.612336964192451
522	14.75240559508734
523	14.890799801933033
524	15.030485565622683
525	15.166272842851729
526	15.295010484194087
527	15.420651548904956
528	15.549101626416183
529	15.668532493459418
530	15.786376547844183
531	15.89972854953948
532	16.003090635898733
533	16.095564910576197
534	16.180230708691845
535	16.247486998593512
536	16.290982616877198
537	16.32078565956383
538	16.333970322298242
539	16.338582096458236
540	16.341210183553823
541	16.33755955023622
542	16.331486331609764
543	16.320619632936356
544	16.299733966532735
545	16.27503557122109
546	16.237296365931595
547	16.202703244297137
548	16.16632871254136
549	16.137183266886076
550	16.094683438495295
551	16.04820337100701
552	15.985124805350612
553	15.91288843071356
554	15.824774136184699
555	15.727655042289422
556	15.611026423306267
557	15.488171986366748
558	15.358504731394842
559	15.216973661804541
560	15.066799370398494
561	14.906599669447498
562	14.73510091360043
563	14.55740114595261
564	14.374951889399023
565	14.192571610925281
566	13.997195862742942
567	13.794499505290904
568	13.586366066087363
569	13.379881253731098
570	13.169306483597891
571	12.952850792301478
572	12.732712057046383
573	12.513893308189328
574	12.294503784940291
575	12.073095628114077
576	11.85259455337274
577	11.627971501972395
578	11.397421546006651
579	11.166876425521801
580	10.93414387527744
581	10.698660911034933
582	10.460466564111897
583	10.215961924705356
584	9.969595601207425
585	9.722512286435073
586	9.472384522754453
587	9.218357269503793
588	8.964762325079493
589	8.70738368046958
590	8.450227477729051
591	8.197199328080286
592	7.945864850804129
593	7.699239223870663
594	7.453231465847432
595	7.212104028793598
596	6.975627702376166
597	6.740649476989532
598	6.509177841975355
599	6.284218073991833
600	6.0647233305088815
601	5.847822865224444
602	5.636356716684088
603	5.429199166620077
604	5.223335156591256
605	5.020770013656424
606	4.821275549761411
607	4.6264445475143665
608	4.433704835384336
609	4.2446243436739115
610	4.06120868610842
611	3.8826259737634152
612	3.70773084579016
613	3.5370627499368426
614	3.3710475150331116
615	3.2101634385617577
616	3.0543987829097823
617	2.9044246233138025
618	2.7593246467403403
619	2.6197117170190696
620	2.484364543781113
621	2.3551973679414986
622	2.2311875562810086
623	2.111626186088142
624	1.997143470885255
625	1.8871161723217913
626	1.7822309152896767
627	1.681649973480728
628	1.585664322776686
629	1.4940676411288751
630	1.4066099422344693
631	1.3238905186423866
632	1.245483196575172
633	1.1709001045290057
634	1.1001256084465618
635	1.0331153958315107
636	0.9698571208315107
637	0.9098604116498511
638	0.8531864462681263
639	0.79962244938599
640	0.7492279229385838
641	0.7013927503059281
642	0.6563757149030985
643	0.6138858452873898
644	0.5737941248574238
645	0.5360393007756354
646	0.5005276170699281
647	0.4670569893929968
648	0.43576394368157634
649	0.4063840624593559
650	0.3788756505987085
651	0.35305282258090465
652	0.32877489527640674
653	0.3060854116481047
654	0.28497992812403844
655	0.26530578427258794
656	0.2469620801506257
657	0.22989053116218605
658	0.2139360422149542
659	0.19913962837768762
660	0.18535165507631293
661	0.17246338833653269
662	0.1604844606838293
663	0.14927373661073487
664	0.13891150740456024
665	0.1292699294699408
666	0.12029440475830276
667	0.11193787405188393
668	0.10413634017636328
669	0.09685942665864773
670	0.09008557443461626
671	0.08378716657974664
672	0.07791180403124177
673	0.07244335212662362
674	0.06736101963748231
675	0.06261299750705561
676	0.05821161905433863
677	0.054117329057061195
678	0.050317837845141454
679	0.046782440737774156
680	0.043506977260417516
681	0.04047347243468048
682	0.03765375418730695
683	0.035040801266325784
684	0.03261696928788446
685	0.030358584223900417
686	0.028265737916016345
687	0.02632771080944072
688	0.02453106557347493
689	0.02286182318285773
690	0.021306097054432416
691	0.019863196047678618
692	0.018521520451777063
693	0.01726844643058807
694	0.016100200228511278
695	0.015017027379330064
696	0.01400453229493079
697	0.01305969203515458
698	0.012179603634232476
699	0.011360355587125816