421	0.9446812162295085
422	0.9746940162977654
423	1.0100093198779385
424	1.043727706586209
425	1.0799889029440106
426	1.1167187918994002
427	1.1562630279673098
428	1.1957465316094766
429	1.2319316808671474
430	1.2681072851180581
431	1.3069795416229648
432	1.3482863890599026
433	1.3924167100767837
434	1.4386248620909963
435	1.4873233938049344
436	1.5374372338033746
437	1.5880080227425646
438	1.6423001105263397
439	1.6957696900706518
440	1.749163733256854
441	1.8064813961739126
442	1.8659742192546918
443	1.9320880168700134
444	1.9989814661418963
445	2.065234430040912
446	2.133121794250609
447	2.1994653176530807
448	2.266988124532626
449	2.3356407836430453
450	2.406728095415719
451	2.4775939235741613
452	2.5539110184540754
453	2.6376744360891293
454	2.7222917261065733
455	2.8104918067917053
456	2.9021546369284246
457	2.9964189838281676
458	3.0890434502322575
459	3.180232188376564
460	3.273297504680549
461	3.3705250253897625
462	3.471168178920856
463	3.5711561643251466
464	3.6779309613677706
465	3.786660423079947
466	3.8937708495578702
467	4.00527168276582
468	4.11912221923522
469	4.229301236620629
470	4.3414914172113965
471	4.457331422928653
472	4.586048559862659
473	4.723848630613558
474	4.865648327901823
475	5.011937747345156
476	5.162074756876017
477	5.31071345616631
478	5.459868561360399
479	5.606304530998195
480	5.751996902141876
481	5.895318092555457
482	6.03761199856227
483	6.185541772952318
484	6.338655805962775
485	6.49085461554935
486	6.644981797187673
487	6.804499869546888
488	6.966604470010845
489	7.131625894336177
490	7.299839937463944
491	7.471247449965764
492	7.6439936253267975
493	7.81418670078132
494	7.988412034818812
495	8.168761552398283
496	8.35199540195735
497	8.532687810801516
498	8.717955663584412
499	8.898545724916982
500	9.0730216462751
501	9.244565094793645
502	9.410882137880671
503	9.583686781172606
504	9.744904954443745
505	9.909709320961303
506	10.074591830309831
507	10.245586905917085
508	10.410869367053143
509	10.577894745918174
510	10.745254828252804
511	10.909960724956814
512	11.075635028351343
513	11.246908935819597
514	11.415391174461663
515	11.58129549464312
516	11.738125712201422
517	11.889484564483308
518	12.03876426735609
519	12.183327979754711
520	12.323525372230712
521	12.45523366538437
522	12.583100567563266
523	12.70132174925889
524	12.82173760540151
525	12.93845521077403
526	13.0458837680751
527	13.153713184951036
528	13.253555536036457
529	13.358259713715054
530	13.461522176726383
531	13.554790972764472
532	13.641376585495564
533	13.724101124231481
534	13.786975554594129
535	13.837451989910575
536	13.879827928287483
537	13.903787545804192
538	13.918461288825807
539	13.927988747324662
540	13.92450924841811
541	13.919125148300678
542	13.905255467673133
543	13.882157059595299
544	13.86931801406795
545	13.85248536995006
546	13.831033745055032
547	13.804739754039222
548	13.78005964317602
549	13.748442359263727
550	13.713620926061092
551	13.673604221032718
552	13.622021434138246
553	13.562228283821188
554	13.491769533563536
555	13.408488532452767
556	13.317200791339783
557	13.206850186453163
558	13.09290625201373
559	12.96564850401964
560	12.829708609682855
561	12.685898083942927
562	12.537083272828646
563	12.383484193106213
564	12.223558875409404
565	12.0611911677727
566	11.88761875950046
567	11.715245811947957
568	11.540771841560545
569	11.359628223579596
570	11.177201272872887
571	10.991437083326195
572	10.799048521883948
573	10.610454512618752
574	10.42538327235473
575	10.236393662041836
576	10.045856370739823
577	9.853887716174524
578	9.659082178421796
579	9.465737967151489
580	9.267217930363419
581	9.064216971738556
582	8.861711591120425
583	8.654915798967938
584	8.446102486240845
585	8.235474836346254
586	8.022421535000923
587	7.806922970393858
588	7.588988802202612
589	7.369722362795881
590	7.150398448882791
591	6.9326053327430435
592	6.718268080832873
593	6.505158490935469
594	6.295181165491601
595	6.089452384113773
596	5.8863650729984
597	5.686486314879525
598	5.4912867910287
599	5.299354888794908
600	5.111106354391388
601	4.926805161651509
602	4.747186230688423
603	4.571128801053117
604	4.397829534007955
605	4.226621433830742
606	4.058820795904739
607	3.894357159338281
608	3.731512649430744
609	3.5727443372340852
610	3.418127239446564
611	3.2665035974333927
612	3.1192154866983066
613	2.975123953797118
614	2.83562971402069
615	2.700154032078497
616	2.569387908012844
617	2.442172177612148
618	2.3199441238898015
619	2.2013326389839745
620	2.0878531906107427
621	1.9784813125697325
622	1.8733137465045882
623	1.7721672615921777
624	1.6752238981847727
625	1.582242829583549
626	1.494002155684843
627	1.4095729311196377
628	1.3293068668094898
629	1.2523369549445658
630	1.1794618625173945
631	1.110058930940136
632	1.0440075380335143
633	0.9812087523179853
634	0.9220767828650902
635	0.8663772909142432
636	0.813537665483177
637	0.7635573217301097
638	0.7163238330000746
639	0.6715441497541409
640	0.6292509236420502
641	0.5892855477383879
642	0.5516111506921016
643	0.5159970999626204
644	0.48250008685651746
645	0.45110873330873436
646	0.4214886454035751
647	0.39365121483640036
648	0.36724069643768203
649	0.34243072585230533
650	0.3192361365940399
651	0.2974966504760034
652	0.27710142123433595
653	0.2579865022013587
654	0.24019400693751217
655	0.22364434284421564
656	0.2082265341547826
657	0.19384162550526152
658	0.1804260573651745
659	0.16800578966814733
660	0.15642801535036258
661	0.14566899423421037
662	0.13565492766137105
663	0.12632473714007605
664	0.11763796985875642
665	0.10960370612552413
666	0.10208360372488212
667	0.09507476923779343
668	0.08848915349007787
669	0.08235241085088728
670	0.0766665201388646
671	0.07134964210526712
672	0.06637350768980195
673	0.06172416043992955
674	0.0574163475380018
675	0.05341078874858531
676	0.04967525518670788
677	0.04620802647104001
678	0.042988759498133286
679	0.04000262129065762
680	0.03722027111067645
681	0.034646532188851616
682	0.03225708484863499
683	0.030034650923846155
684	0.02797076967035466
685	0.026063661066274717
686	0.024288937692214976
687	0.022643027217817954
688	0.021102672901338052
689	0.019680033220072238
690	0.018359495783076978
691	0.01713098997375521
692	0.015985324624327946
693	0.014921389680587451
694	0.013924217171496948
695	0.012999919559374996
696	0.012134257894069527
697	0.0113279531009459
698	0.010572753527612257
699	0.009871291097686878