421	1.0058795248566819
422	1.0359519825058163
423	1.0694294762036325
424	1.1040401897488823
425	1.1410295568655129
426	1.1798010665525045
427	1.2197872800627556
428	1.2598848109468663
429	1.2974202375705661
430	1.3363268244963649
431	1.3771849192965555
432	1.4218786052044643
433	1.469396360030907
434	1.5194695223324544
435	1.5716543959532976
436	1.6251829231030175
437	1.6804992575431215
438	1.736011629862516
439	1.7927415874327461
440	1.8505482819537262
441	1.9100433107558696
442	1.9744836094121618
443	2.0445065056044713
444	2.1156141421151426
445	2.18697587174211
446	2.2579447150385534
447	2.3294883480067985
448	2.400271712647928
449	2.472797560554357
450	2.5466298035787234
451	2.6228857034719026
452	2.70343825773946
453	2.7892396995125903
454	2.8809658273197924
455	2.975099600716442
456	3.0713428352931222
457	3.1682699973464925
458	3.264604718502806
459	3.361553053652474
460	3.459502232972419
461	3.560794511748903
462	3.6668268843234086
463	3.7729822410131364
464	3.8836338111028237
465	3.9978630141708558
466	4.113413540117441
467	4.228920979099208
468	4.344497688738379
469	4.461142269786655
470	4.582348621282644
471	4.708759473490271
472	4.841376622206308
473	4.980156267807583
474	5.126359144263957
475	5.277073704207616
476	5.4323260038856676
477	5.587135225953761
478	5.739344430643876
479	5.889667969396979
480	6.037960500104251
481	6.186359244098621
482	6.337293737977264
483	6.48887864140366
484	6.643845309949013
485	6.802899893430188
486	6.967171469632135
487	7.135415803892562
488	7.305825261918066
489	7.477178883375305
490	7.653328942790587
491	7.830736483190021
492	8.011078056212005
493	8.191644889967113
494	8.375457534053682
495	8.560740493962282
496	8.74893178869299
497	8.93870724120915
498	9.127862177853583
499	9.31399209597623
500	9.497695312915521
501	9.680219928545437
502	9.858814085283507
503	10.03815035655629
504	10.21519378803203
505	10.392874794732018
506	10.571661517882093
507	10.752803176801523
508	10.934379192271672
509	11.114426412387468
510	11.296835997408518
511	11.47708925121103
512	11.659138266852809
513	11.840618903215866
514	12.015033336956579
515	12.188910481741228
516	12.353788545934604
517	12.514831503751706
518	12.672120128577962
519	12.82773025561603
520	12.978399103237429
521	13.124200332719706
522	13.264798833491843
523	13.400743727267388
524	13.536170188192141
525	13.664673529226235
526	13.789955691153848
527	13.913046720898546
528	14.035736093915883
529	14.159868002365604
530	14.278891716042573
531	14.391453955075695
532	14.494475239203862
533	14.588189326015769
534	14.668832467630729
535	14.738145761589
536	14.79516968021723
537	14.839041073112526
538	14.873030218103308
539	14.897503076128014
540	14.916155788731828
541	14.927434431035836
542	14.933188471851853
543	14.930863929725701
544	14.926391336591069
545	14.918187688770171
546	14.907794889357138
547	14.893053679794608
548	14.877614703631219
549	14.857169876461136
550	14.831526821854274
551	14.798201437527808
552	14.754352781672683
553	14.698565894453523
554	14.631264986032319
555	14.551968784641456
556	14.462474951903266
557	14.36373743265087
558	14.258843496846461
559	14.141447554659853
560	14.013323470423865
561	13.874684955628673
562	13.730318116031702
563	13.576075607175177
564	13.41689195018255
565	13.252602221965319
566	13.080622118295576
567	12.906439888977985
568	12.72761609590665
569	12.54552614545115
570	12.360089653866844
571	12.170923492259716
572	11.975083049696574
573	11.77932893378702
574	11.58200094726016
575	11.38121287509944
576	11.179545785263732
577	10.976284403391709
578	10.770893736536078
579	10.564751279167783
580	10.353830894485709
581	10.139026309414387
582	9.921014401218033
583	9.697114465230236
584	9.469969752368216
585	9.239845002421829
586	9.007217246724442
587	8.772374238501387
588	8.536859194194518
589	8.300187557690885
590	8.062156294863223
591	7.826265879201768
592	7.591801680577519
593	7.3592490907473955
594	7.1281911327336696
595	6.90104667797717
596	6.6770549452505366
597	6.455252280890217
598	6.237484476891727
599	6.023847797725485
600	5.813927108328576
601	5.6065995309974905
602	5.403551085095265
603	5.2041534921206605
604	5.007796432246998
605	4.814069694867964
606	4.624088191467067
607	4.437531042350524
608	4.254149259004739
609	4.073771075633608
610	3.898434450524842
611	3.72649477390368
612	3.559020845737664
613	3.3959697948568524
614	3.2378907996139143
615	3.0846682421433806
616	2.9364325339196133
617	2.7928068210561645
618	2.6541082724285356
619	2.520190042512499
620	2.3909277336685917
621	2.266081225279666
622	2.1461610925150825
623	2.031049805853327
624	1.9208904342965019
625	1.8152678316873474
626	1.7145388325384912
627	1.6180973565822945
628	1.5259866839216587
629	1.437991634062304
630	1.3541899652093217
631	1.274553461002994
632	1.1988310282499046
633	1.1269631354310108
634	1.0589539928421012
635	0.9945804319629781
636	0.9335462302201705
637	0.8756660194436379
638	0.820968403439235
639	0.769123146415403
640	0.7202824184224712
641	0.6740829607647884
642	0.6305658824787232
643	0.5895492515296997
644	0.5508902804386722
645	0.5145579132119698
646	0.48038043053171897
647	0.4482511415257787
648	0.41809407317708036
649	0.3897817580575619
650	0.3632381877553508
651	0.33842594531013825
652	0.3151818016657672
653	0.2934259082765654
654	0.2731352490890459
655	0.25423106214433916
656	0.23660197847558548
657	0.22016544251635664
658	0.20484574024517582
659	0.19060164266478397
660	0.17735284952126149
661	0.16500424639257744
662	0.1535015712625414
663	0.14280657887972295
664	0.1328679514305361
665	0.12361585014277456
666	0.1149761391483808
667	0.10693325917250816
668	0.09942272628152228
669	0.09242869549186021
670	0.08593829947786262
671	0.07989523044432471
672	0.0742665973217734
673	0.06902104855698749
674	0.06414915309134793
675	0.05962716165169755
676	0.05542170850644899
677	0.051506151851727494
678	0.04787734778269134
679	0.04451955517620583
680	0.04139893234408324
681	0.038503246195509634
682	0.03581424872391576
683	0.03331811617597408
684	0.031000782600794023
685	0.028848082104278545
686	0.026851819202791512
687	0.02500197459573911
688	0.02328233860658827
689	0.0216885184222962
690	0.02020998284894207
691	0.018836588587516814
692	0.017556859792351737
693	0.01636698427165451
694	0.015259715415337872
695	0.014230013203573165
696	0.013267528468559093
697	0.0123696651231183
698	0.011532746701606181
699	0.010753890883905893